인천	20070515	 13	 22	000	61
인천	20070516	 13	 21	047	84
인천	20070517	 14	 21	006	72
인천	20070518	 12	 19	001	80
인천	20070519	 13	 20	000	75
인천	20070520	 13	 21	000	72
인천	20070521	 14	 22	000	45
인천	20070522	 15	 24	000	45
인천	20070523	 16	 25	000	49
인천	20070524	 18	 22	055	81
인천	20070525	 15	 19	002	87
인천	20070526	 14	 22	000	64
인천	20070527	 16	 27	000	68
인천	20070528	 17	 25	000	58
인천	20070529	 14	 20	000	86
인천	20070530	 14	 21	000	79
인천	20070531	 16	 25	000	62
인천	20070601	 18	 21	000	74
인천	20070602	 17	 25	000	70
인천	20070603	 19	 27	000	61
인천	20070604	 18	 24	000	72
인천	20070605	 17	 21	000	86
인천	20070606	 17	 22	001	86
인천	20070607	 17	 21	001	87
인천	20070608	 16	 22	000	84
인천	20070609	 15	 25	000	62
인천	20070610	 17	 28	000	63
인천	20070611	 18	 25	000	63
인천	20070612	 18	 26	000	64
인천	20070613	 18	 27	000	68
인천	20070614	 20	 28	001	61
인천	20070615	 18	 28	000	35
인천	20070616	 19	 31	000	26
인천	20070617	 21	 29	000	31
인천	20070618	 20	 29	000	55
인천	20070619	 19	 29	000	64
인천	20070620	 20	 26	000	77
인천	20070621	 19	 23	017	90
인천	20070622	 19	 29	000	75
인천	20070623	 20	 26	000	80
인천	20070624	 18	 24	011	82
인천	20070625	 19	 25	001	82
인천	20070626	 21	 28	000	76
인천	20070627	 20	 26	000	76
인천	20070628	 22	 25	027	91
인천	20070629	 20	 22	001	92
인천	20070630	 20	 27	001	76
인천	20070701	 20	 23	032	89
인천	20070702	 19	 22	064	92
인천	20070703	 20	 25	000	83
인천	20070704	 20	 25	016	85
인천	20070705	 20	 23	001	91
인천	20070706	 20	 29	000	82
인천	20070707	 22	 29	000	78
인천	20070708	 21	 28	000	83
인천	20070709	 22	 29	005	69
인천	20070710	 20	 25	006	70
인천	20070711	 19	 22	024	92
인천	20070712	 20	 26	000	80
인천	20070713	 20	 29	000	68
인천	20070714	 22	 29	000	56
인천	20070715	 19	 27	000	64
인천	20070716	 20	 24	036	92
인천	20070717	 19	 25	003	84
인천	20070718	 20	 28	000	76
인천	20070719	 22	 25	032	95
인천	20070720	 22	 28	000	90
인천	20070721	 21	 23	000	82
인천	20070722	 20	 26	000	76
인천	20070723	 21	 27	000	79
인천	20070724	 21	 26	012	87
인천	20070725	 22	 25	002	92
인천	20070726	 22	 28	000	80
인천	20070727	 24	 27	000	88
인천	20070728	 23	 25	000	92
인천	20070729	 22	 26	000	90
인천	20070730	 22	 29	000	76
인천	20070731	 22	 28	000	78
인천	20070801	 24	 28	004	84
인천	20070802	 25	 28	001	86
인천	20070803	 24	 29	000	83
인천	20070804	 22	 25	051	92
인천	20070805	 22	 27	001	87
인천	20070806	 24	 28	000	77
인천	20070807	 23	 25	041	89
인천	20070808	 22	 27	032	89
인천	20070809	 23	 27	006	90
인천	20070810	 25	 29	000	80
인천	20070811	 26	 32	000	67
인천	20070812	 25	 28	024	77
인천	20070813	 25	 29	018	84
인천	20070814	 24	 27	024	90
인천	20070815	 23	 29	027	86
인천	20070816	 25	 29	003	87
인천	20070817	 24	 29	000	84
인천	20070818	 23	 29	000	84
인천	20070819	 24	 30	000	81
인천	20070820	 24	 29	000	81
인천	20070821	 25	 29	000	87
인천	20070822	 24	 31	000	73
인천	20070823	 22	 29	000	69
인천	20070824	 23	 30	000	75
인천	20070825	 25	 30	000	80
인천	20070826	 25	 29	000	82
인천	20070827	 24	 28	012	87
인천	20070828	 23	 28	000	78
인천	20070829	 22	 26	000	72
인천	20070830	 21	 25	000	62
인천	20070831	 19	 26	000	64
인천	20070901	 19	 24	022	84
인천	20070902	 18	 22	003	83
인천	20070903	 19	 27	001	76
인천	20070904	 21	 25	000	73
인천	20070905	 20	 25	001	73
인천	20070906	 16	 20	027	92
인천	20070907	 18	 25	000	73
인천	20070908	 18	 25	000	68
인천	20070909	 17	 25	017	71
인천	20070910	 20	 26	000	80
인천	20070911	 22	 27	000	77
인천	20070912	 20	 27	000	75
인천	20070913	 20	 27	000	77
인천	20070914	 18	 26	040	77
인천	20070915	 18	 23	006	88
인천	20070916	 19	 24	002	81
인천	20070917	 19	 28	000	64
인천	20070918	 19	 23	023	80
인천	20070919	 20	 25	044	89
인천	20070920	 20	 29	024	84
인천	20070921	 20	 23	002	79
인천	20070922	 19	 22	000	73
인천	20070923	 19	 25	003	67
인천	20070924	 19	 26	000	77
인천	20070925	 18	 25	000	83
인천	20070926	 19	 25	000	78
인천	20070927	 18	 23	013	91
인천	20070928	 16	 19	001	61
인천	20070929	 15	 21	000	72
인천	20070930	 18	 19	000	80
인천	20071001	 17	 21	000	79
인천	20071002	 17	 23	000	77
인천	20071003	 18	 20	002	83
인천	20071004	 18	 26	002	83
인천	20071005	 17	 25	000	60
인천	20071006	 19	 24	000	55
인천	20071007	 16	 23	000	71
인천	20071008	 11	 17	000	57
인천	20071009	 09	 21	000	56
인천	20071010	 12	 19	000	70
인천	20071011	 13	 20	000	52
인천	20071012	 13	 20	000	49
인천	20071013	 11	 19	000	60
인천	20071014	 12	 20	000	58
인천	20071015	 11	 19	000	65
인천	20071016	 10	 20	000	72
인천	20071017	 10	 19	000	69
인천	20071018	 09	 19	000	67
인천	20071019	 09	 14	021	65
인천	20071020	 05	 10	000	50
인천	20071021	 06	 18	000	65
인천	20071022	 12	 19	000	77
인천	20071023	 14	 19	000	84
인천	20071024	 13	 20	000	78
인천	20071025	 12	 21	006	78
인천	20071026	 14	 21	001	75
인천	20071027	 11	 20	000	66
인천	20071028	 11	 17	022	78
인천	20071029	 09	 13	000	66
인천	20071030	 06	 15	000	56
인천	20071031	 09	 15	000	66
인천	20071101	 07	 13	000	44
인천	20071102	 06	 14	000	52
인천	20071103	 08	 16	000	43
인천	20071104	 04	 14	000	49
인천	20071105	 05	 14	000	52
인천	20071106	 07	 17	000	62
인천	20071107	 08	 17	000	67
인천	20071108	 09	 17	000	64
인천	20071109	 10	 16	000	68
인천	20071110	 08	 13	000	63
인천	20071111	 07	 12	000	63
인천	20071112	 05	 13	000	65
인천	20071113	 06	 14	000	65
인천	20071114	 10	 15	000	79
인천	20071115	 05	 12	001	64
인천	20071116	 01	 09	000	56
인천	20071117	 03	 11	000	60
인천	20071118	-04	 05	000	35
인천	20071119	-05	 07	010	52
인천	20071120	-01	 06	000	51
인천	20071121	-01	 06	002	64
인천	20071122	-01	 08	000	47
인천	20071123	 06	 12	013	82
인천	20071124	 05	 10	000	72
인천	20071125	 04	 11	000	78
인천	20071126	 01	 10	001	73
인천	20071127	-01	 07	000	42
인천	20071128	-02	 10	000	50
인천	20071129	 03	 11	000	55
인천	20071130	 00	 06	000	52
인천	20071201	 01	 09	000	59
인천	20071202	 01	 08	000	56
인천	20071203	-01	 07	000	56
인천	20071204	-04	 01	000	51
인천	20071205	-04	 02	000	45
인천	20071206	 00	 05	000	72
인천	20071207	 00	 05	002	79
인천	20071208	 00	 04	000	59
인천	20071209	-02	 07	000	59
인천	20071210	-01	 06	002	68
인천	20071211	 03	 09	000	77
인천	20071212	 03	 07	000	74
인천	20071213	-02	 04	000	64
인천	20071214	-04	 05	001	60
인천	20071215	-01	 05	001	72
인천	20071216	-04	 05	000	64
인천	20071217	 00	 06	000	60
인천	20071218	-02	 04	000	67
인천	20071219	-02	 06	000	57
인천	20071220	 02	 08	000	73
인천	20071221	-01	 07	000	71
인천	20071222	 00	 10	000	55
인천	20071223	 00	 08	000	69
인천	20071224	-02	 08	000	64
인천	20071225	 00	 09	000	65
인천	20071226	 03	 14	000	60
인천	20071227	 04	 10	001	77
인천	20071228	 04	 07	001	86
인천	20071229	-04	 05	000	64
인천	20071230	-06	-04	000	54
인천	20071231	-06	-02	000	57
인천	20080101	-07	-02	000	51
인천	20080102	-06	 01	000	49
인천	20080103	-01	 07	000	59
인천	20080104	-03	 04	000	58
인천	20080105	-01	 07	000	68
인천	20080106	 03	 08	000	80
인천	20080107	-01	 06	000	92
인천	20080108	-01	 06	000	76
인천	20080109	-02	 03	000	50
인천	20080110	-05	 04	000	39
인천	20080111	-03	 01	005	76
인천	20080112	-04	 03	000	58
인천	20080113	-08	-02	000	44
인천	20080114	-06	 01	000	45
인천	20080115	-07	-01	000	39
인천	20080116	-09	-03	000	41
인천	20080117	-11	-04	000	37
인천	20080118	-09	-01	000	42
인천	20080119	-07	 01	000	38
인천	20080120	-03	 05	000	47
인천	20080121	 00	 04	003	73
인천	20080122	 00	 02	005	88
인천	20080123	-07	 01	000	61
인천	20080124	-09	-03	000	43
인천	20080125	-09	-03	000	44
인천	20080126	-07	 01	000	45
인천	20080127	-06	 03	000	52
인천	20080128	-04	 02	000	52
인천	20080129	-03	 03	000	56
인천	20080130	-04	 01	000	53
인천	20080131	-06	 00	000	49
인천	20080201	-07	 02	000	49
인천	20080202	-05	 03	000	50
인천	20080203	-03	 02	000	65
인천	20080204	-04	 02	000	55
인천	20080205	-06	 01	000	47
인천	20080206	-05	 01	000	48
인천	20080207	-07	 01	000	50
인천	20080208	-07	 02	000	55
인천	20080209	-04	 01	000	61
인천	20080210	-05	 03	000	59
인천	20080211	-03	 04	000	55
인천	20080212	-08	-02	000	33
인천	20080213	-09	-01	000	31
인천	20080214	-06	 03	000	47
인천	20080215	-05	 00	000	37
인천	20080216	-05	 01	000	37
인천	20080217	-05	 02	000	38
인천	20080218	-06	 03	000	42
인천	20080219	-05	 04	000	60
인천	20080220	-01	 07	000	57
인천	20080221	 00	 09	000	47
인천	20080222	 00	 10	000	71
인천	20080223	-05	 02	000	42
인천	20080224	-07	 03	000	40
인천	20080225	-03	 02	002	69
인천	20080226	-02	 02	003	70
인천	20080227	-02	 06	000	50
인천	20080228	 00	 08	000	67
인천	20080229	 03	 08	000	69
인천	20080301	 01	 08	000	52
인천	20080302	 02	 07	000	69
인천	20080303	 00	 07	000	61
인천	20080304	-01	 07	000	57
인천	20080305	-01	 08	000	61
인천	20080306	 03	 09	000	67
인천	20080307	 01	 10	000	46
인천	20080308	 01	 09	000	76
인천	20080309	 03	 10	000	80
인천	20080310	 04	 10	000	79
인천	20080311	 07	 14	000	68
인천	20080312	 08	 17	000	53
인천	20080313	 07	 11	001	77
인천	20080314	 03	 14	000	69
인천	20080315	 05	 11	000	71
인천	20080316	 04	 11	000	68
인천	20080317	 02	 13	000	64
인천	20080318	 06	 16	000	49
인천	20080319	 07	 19	000	41
인천	20080320	 04	 17	000	29
인천	20080321	 08	 17	000	38
인천	20080322	 08	 15	006	54
인천	20080323	 05	 09	027	95
인천	20080324	 05	 11	001	78
인천	20080325	 04	 06	000	77
인천	20080326	 04	 10	000	76
인천	20080327	 05	 10	000	66
인천	20080328	 04	 11	000	64
인천	20080329	 05	 08	011	85
인천	20080330	 06	 10	000	80
인천	20080331	 05	 12	000	69
인천	20080401	 06	 13	000	62
인천	20080402	 07	 10	003	80
인천	20080403	 06	 12	000	62
인천	20080404	 05	 15	000	66
인천	20080405	 09	 15	000	65
인천	20080406	 08	 22	003	54
인천	20080407	 09	 17	001	77
인천	20080408	 09	 20	000	56
인천	20080409	 10	 17	011	50
인천	20080410	 10	 21	001	55
인천	20080411	 09	 15	000	73
인천	20080412	 08	 19	000	66
인천	20080413	 09	 15	000	71
인천	20080414	 07	 17	000	57
인천	20080415	 09	 19	000	53
인천	20080416	 10	 23	000	56
인천	20080417	 13	 24	000	41
인천	20080418	 13	 23	000	52
인천	20080419	 12	 25	000	51
인천	20080420	 13	 24	000	44
인천	20080421	 16	 23	000	28
인천	20080422	 12	 19	016	60
인천	20080423	 08	 13	002	80
인천	20080424	 06	 13	000	47
인천	20080425	 09	 17	007	63
인천	20080426	 08	 13	007	80
인천	20080427	 09	 15	000	65
인천	20080428	 08	 20	000	50
인천	20080429	 12	 19	000	71
인천	20080430	 12	 22	000	77
인천	20080501	 16	 21	000	72
인천	20080502	 15	 24	000	72
인천	20080503	 15	 24	000	74
인천	20080504	 15	 21	004	77
인천	20080505	 11	 19	000	60
인천	20080506	 11	 20	000	42
인천	20080507	 14	 19	000	55
인천	20080508	 14	 23	001	62
인천	20080509	 15	 24	000	33
인천	20080510	 13	 23	000	32
인천	20080511	 11	 21	000	42
인천	20080512	 12	 20	002	57
인천	20080513	 11	 16	009	67
인천	20080514	 09	 17	000	65
인천	20080515	 10	 18	000	69
인천	20080516	 11	 19	000	62
인천	20080517	 11	 21	000	56
인천	20080518	 12	 15	014	81
인천	20080519	 10	 17	000	75
인천	20080520	 10	 18	000	64
인천	20080521	 13	 20	007	67
인천	20080522	 15	 22	000	75
인천	20080523	 18	 24	000	69
인천	20080524	 18	 27	000	68
인천	20080525	 14	 24	000	80
인천	20080526	 13	 20	000	85
인천	20080527	 14	 22	000	80
인천	20080528	 16	 21	028	92
인천	20080529	 16	 26	000	83
인천	20080530	 14	 18	000	81
인천	20080531	 13	 21	000	62
인천	20080601	 15	 25	000	45
인천	20080602	 17	 23	000	60
인천	20080603	 16	 24	001	72
인천	20080604	 16	 19	018	76
인천	20080605	 15	 19	018	87
인천	20080606	 14	 18	000	87
인천	20080607	 16	 22	002	81
인천	20080608	 16	 23	014	83
인천	20080609	 16	 24	000	82
인천	20080610	 18	 24	000	78
인천	20080611	 17	 28	000	58
인천	20080612	 17	 26	000	69
인천	20080613	 16	 23	000	89
인천	20080614	 17	 29	000	69
인천	20080615	 19	 28	000	51
인천	20080616	 17	 28	000	38
인천	20080617	 18	 24	011	72
인천	20080618	 18	 23	035	94
인천	20080619	 17	 23	000	88
인천	20080620	 19	 27	000	76
인천	20080621	 20	 27	001	69
인천	20080622	 19	 28	000	66
인천	20080623	 18	 24	000	65
인천	20080624	 20	 26	000	57
인천	20080625	 19	 27	000	66
인천	20080626	 19	 26	000	75
인천	20080627	 19	 25	000	75
인천	20080628	 20	 25	001	76
인천	20080629	 20	 26	004	74
인천	20080630	 19	 26	000	72
인천	20080701	 20	 28	000	74
인천	20080702	 21	 24	004	89
인천	20080703	 20	 24	001	91
인천	20080704	 21	 26	000	88
인천	20080705	 22	 27	013	87
인천	20080706	 22	 25	000	91
인천	20080707	 21	 25	000	95
인천	20080708	 23	 30	000	81
인천	20080709	 22	 30	000	80
인천	20080710	 21	 28	000	80
인천	20080711	 23	 28	000	74
인천	20080712	 22	 25	016	93
인천	20080713	 22	 27	001	86
인천	20080714	 21	 30	000	80
인천	20080715	 24	 30	000	79
인천	20080716	 21	 26	009	90
인천	20080717	 21	 27	000	80
인천	20080718	 22	 28	000	73
인천	20080719	 23	 25	084	92
인천	20080720	 23	 28	194	95
인천	20080721	 21	 24	004	91
인천	20080722	 22	 27	000	88
인천	20080723	 22	 27	038	87
인천	20080724	 21	 25	113	99
인천	20080725	 22	 25	022	96
인천	20080726	 21	 24	023	95
인천	20080727	 22	 28	000	83
인천	20080728	 23	 30	000	75
인천	20080729	 24	 31	000	80
인천	20080730	 24	 27	005	88
인천	20080731	 24	 29	001	79
인천	20080801	 25	 29	000	79
인천	20080802	 24	 27	016	93
인천	20080803	 22	 27	000	89
인천	20080804	 21	 28	000	76
인천	20080805	 22	 29	000	78
인천	20080806	 22	 30	000	78
인천	20080807	 24	 31	000	67
인천	20080808	 24	 32	000	68
인천	20080809	 25	 31	003	72
인천	20080810	 25	 34	000	64
인천	20080811	 26	 32	000	66
인천	20080812	 25	 30	006	83
인천	20080813	 24	 31	028	88
인천	20080814	 25	 29	000	83
인천	20080815	 23	 27	004	89
인천	20080816	 21	 23	008	83
인천	20080817	 21	 27	001	70
인천	20080818	 21	 25	037	90
인천	20080819	 22	 26	000	75
인천	20080820	 21	 27	000	73
인천	20080821	 20	 27	000	58
인천	20080822	 17	 24	055	93
인천	20080823	 18	 26	003	82
인천	20080824	 20	 27	000	71
인천	20080825	 22	 27	008	78
인천	20080826	 21	 28	000	59
인천	20080827	 19	 28	000	72
인천	20080828	 21	 28	000	77
인천	20080829	 21	 28	000	77
인천	20080830	 21	 29	000	71
인천	20080831	 22	 28	000	58
인천	20080901	 18	 25	060	96
인천	20080902	 18	 27	001	78
인천	20080903	 19	 27	000	77
인천	20080904	 21	 28	000	70
인천	20080905	 22	 25	000	66
인천	20080906	 20	 28	000	71
인천	20080907	 21	 29	000	74
인천	20080908	 21	 30	000	69
인천	20080909	 22	 28	000	74
인천	20080910	 22	 27	000	78
인천	20080911	 21	 24	001	83
인천	20080912	 21	 27	000	78
인천	20080913	 19	 27	000	72
인천	20080914	 19	 29	000	74
인천	20080915	 21	 29	000	73
인천	20080916	 19	 29	000	72
인천	20080917	 20	 30	000	62
인천	20080918	 20	 30	000	65
인천	20080919	 20	 29	000	66
인천	20080920	 20	 24	002	77
인천	20080921	 18	 29	000	69
인천	20080922	 21	 25	003	75
인천	20080923	 20	 24	000	87
인천	20080924	 19	 24	000	77
인천	20080925	 14	 20	010	85
인천	20080926	 13	 19	000	37
인천	20080927	 10	 20	000	46
인천	20080928	 13	 20	000	55
인천	20080929	 13	 22	000	57
인천	20080930	 14	 23	000	70
인천	20081001	 15	 26	000	67
인천	20081002	 17	 25	000	70
인천	20081003	 17	 23	000	81
인천	20081004	 16	 23	000	67
인천	20081005	 16	 23	000	68
인천	20081006	 16	 22	000	68
인천	20081007	 15	 21	000	66
인천	20081008	 14	 22	000	74
인천	20081009	 14	 24	000	66
인천	20081010	 14	 22	001	66
인천	20081011	 11	 19	000	44
인천	20081012	 11	 20	000	54
인천	20081013	 12	 20	000	66
인천	20081014	 13	 22	000	68
인천	20081015	 15	 21	000	78
인천	20081016	 15	 23	000	82
인천	20081017	 16	 23	000	82
인천	20081018	 15	 26	000	72
인천	20081019	 17	 23	000	81
인천	20081020	 15	 23	000	86
인천	20081021	 15	 23	000	70
인천	20081022	 16	 20	006	75
인천	20081023	 14	 20	019	84
인천	20081024	 10	 14	000	48
인천	20081025	 10	 18	002	61
인천	20081026	 10	 17	000	47
인천	20081027	 08	 15	000	54
인천	20081028	 08	 16	000	58
인천	20081029	 10	 17	000	53
인천	20081030	 07	 16	000	54
인천	20081031	 09	 15	029	85
인천	20081101	 08	 17	000	67
인천	20081102	 12	 16	000	60
인천	20081103	 08	 17	000	52
인천	20081104	 05	 14	000	35
인천	20081105	 07	 16	000	55
인천	20081106	 13	 19	000	76
인천	20081107	 09	 15	000	63
인천	20081108	 06	 17	000	53
인천	20081109	 07	 14	000	69
인천	20081110	 05	 16	000	65
인천	20081111	 07	 17	000	52
인천	20081112	 07	 15	000	65
인천	20081113	 07	 16	000	68
인천	20081114	 08	 16	000	67
인천	20081115	 09	 12	002	84
인천	20081116	 04	 12	000	63
인천	20081117	-01	 09	000	52
인천	20081118	-04	 02	000	46
인천	20081119	-06	 01	000	48
인천	20081120	-04	 11	002	68
인천	20081121	 03	 08	000	45
인천	20081122	 02	 11	000	62
인천	20081123	 06	 13	000	70
인천	20081124	 05	 12	000	64
인천	20081125	 05	 10	000	68
인천	20081126	 06	 12	000	67
인천	20081127	 06	 09	014	88
인천	20081128	 05	 10	000	69
인천	20081129	 02	 10	001	54
인천	20081130	-01	 09	000	55
인천	20081201	 06	 11	000	70
인천	20081202	 04	 12	000	58
인천	20081203	 02	 13	000	42
인천	20081204	 01	 10	002	71
인천	20081205	-10	 01	000	47
인천	20081206	-11	-04	000	46
인천	20081207	-06	 04	001	74
인천	20081208	 04	 10	010	79
인천	20081209	 07	 13	000	66
인천	20081210	 07	 13	000	88
인천	20081211	 03	 08	002	64
인천	20081212	 04	 10	000	66
인천	20081213	-02	 05	000	53
인천	20081214	-05	 05	000	45
인천	20081215	 01	 07	000	54
인천	20081216	 02	 10	000	59
인천	20081217	 02	 10	001	73
인천	20081218	-02	 03	000	50
인천	20081219	-03	 06	000	61
인천	20081220	-02	 06	004	56
인천	20081221	-02	 03	000	50
인천	20081222	-06	-02	001	59
인천	20081223	-05	 04	001	67
인천	20081224	 01	 08	000	68
인천	20081225	-04	 05	000	43
인천	20081226	-08	-01	000	35
인천	20081227	-07	 03	000	46
인천	20081228	-03	 05	000	60
인천	20081229	 01	 04	000	71
인천	20081230	-06	 01	000	47
인천	20081231	-08	-02	000	52
인천	20090101	-08	-01	000	48
인천	20090102	-05	 02	000	54
인천	20090103	-04	 04	000	51
인천	20090104	-03	 05	000	52
인천	20090105	-03	 02	000	61
인천	20090106	-05	 02	000	61
인천	20090107	-05	 04	000	50
인천	20090108	-04	 03	000	51
인천	20090109	-05	 00	000	48
인천	20090110	-08	-04	000	50
인천	20090111	-09	-04	000	47
인천	20090112	-09	-03	000	53
인천	20090113	-08	-01	000	50
인천	20090114	-08	-02	000	42
인천	20090115	-11	-01	000	37
인천	20090116	-03	 04	002	76
인천	20090117	-03	 06	000	77
인천	20090118	 00	 07	000	82
인천	20090119	-02	 05	000	55
인천	20090120	-02	 06	000	44
인천	20090121	 02	 06	000	61
인천	20090122	-02	 09	000	62
인천	20090123	-09	-02	000	46
인천	20090124	-10	-04	004	71
인천	20090125	-09	 02	000	60
인천	20090126	-06	 02	000	64
인천	20090127	-05	 05	000	55
인천	20090128	-02	 08	000	43
인천	20090129	-01	 07	000	51
인천	20090130	 00	 12	000	55
인천	20090131	 02	 10	000	63
인천	20090201	 00	 11	000	61
인천	20090202	 03	 08	000	82
인천	20090203	 02	 09	000	85
인천	20090204	 01	 07	000	83
인천	20090205	 03	 08	000	85
인천	20090206	 00	 08	000	84
인천	20090207	-01	 06	000	95
인천	20090208	-03	 07	000	62
인천	20090209	 02	 08	000	65
인천	20090210	 03	 07	000	76
인천	20090211	 04	 09	000	81
인천	20090212	 02	 14	000	61
인천	20090213	 04	 15	024	91
인천	20090214	 01	 06	000	84
인천	20090215	-05	 03	001	51
인천	20090216	-07	-01	000	35
인천	20090217	-08	 01	000	46
인천	20090218	-05	 02	000	52
인천	20090219	-02	 05	000	57
인천	20090220	-06	 01	001	62
인천	20090221	-08	 03	000	57
인천	20090222	 01	 08	000	66
인천	20090223	-01	 10	000	58
인천	20090224	 06	 10	000	71
인천	20090225	-01	 06	000	50
인천	20090226	-03	 06	000	44
인천	20090227	-02	 08	000	40
인천	20090228	 00	 10	000	37
인천	20090301	-01	 08	000	40
인천	20090302	-03	 08	000	46
인천	20090303	 01	 06	004	86
인천	20090304	-01	 08	000	67
인천	20090305	 03	 09	013	82
인천	20090306	-01	 04	000	59
인천	20090307	-03	 07	000	60
인천	20090308	 02	 10	000	60
인천	20090309	 03	 10	000	70
인천	20090310	 00	 09	000	37
인천	20090311	 00	 10	000	39
인천	20090312	 02	 13	005	44
인천	20090313	-02	 07	017	71
인천	20090314	-02	 05	000	42
인천	20090315	 01	 08	000	68
인천	20090316	 05	 11	000	88
인천	20090317	 05	 16	000	66
인천	20090318	 12	 16	000	83
인천	20090319	 10	 17	001	96
인천	20090320	 05	 17	000	62
인천	20090321	 08	 21	014	64
인천	20090322	 05	 13	009	75
인천	20090323	 01	 10	000	45
인천	20090324	 01	 06	000	46
인천	20090325	-01	 06	000	53
인천	20090326	 03	 09	001	64
인천	20090327	 02	 09	000	40
인천	20090328	 02	 09	000	48
인천	20090329	 01	 11	000	54
인천	20090330	 05	 11	000	56
인천	20090331	 05	 10	000	56
인천	20090401	 03	 10	000	58
인천	20090402	 04	 12	000	63
인천	20090403	 06	 11	000	70
인천	20090404	 06	 11	000	82
인천	20090405	 05	 10	000	86
인천	20090406	 05	 13	000	70
인천	20090407	 08	 17	000	63
인천	20090408	 09	 19	000	53
인천	20090409	 10	 20	000	52
인천	20090410	 10	 21	000	55
인천	20090411	 09	 22	000	52
인천	20090412	 10	 19	000	44
인천	20090413	 11	 18	000	69
인천	20090414	 11	 21	000	56
인천	20090415	 08	 13	006	90
인천	20090416	 06	 14	000	67
인천	20090417	 06	 16	000	41
인천	20090418	 08	 17	000	40
인천	20090419	 11	 22	000	34
인천	20090420	 10	 16	027	80
인천	20090421	 09	 11	000	83
인천	20090422	 09	 13	000	63
인천	20090423	 06	 15	000	58
인천	20090424	 11	 17	008	77
인천	20090425	 07	 11	000	82
인천	20090426	 06	 13	000	67
인천	20090427	 08	 16	000	67
인천	20090428	 09	 18	000	63
인천	20090429	 10	 20	000	46
인천	20090430	 11	 19	000	37
인천	20090501	 13	 21	000	51
인천	20090502	 13	 17	001	81
인천	20090503	 10	 19	000	85
인천	20090504	 09	 16	000	87
인천	20090505	 09	 18	000	82
인천	20090506	 13	 26	000	52
인천	20090507	 15	 23	000	45
인천	20090508	 14	 22	000	59
인천	20090509	 16	 24	000	51
인천	20090510	 16	 22	000	68
인천	20090511	 16	 20	050	91
인천	20090512	 14	 22	004	80
인천	20090513	 13	 21	000	39
인천	20090514	 12	 22	000	57
인천	20090515	 15	 22	001	65
인천	20090516	 13	 15	021	94
인천	20090517	 13	 17	004	84
인천	20090518	 12	 20	000	66
인천	20090519	 15	 21	000	70
인천	20090520	 15	 23	000	71
인천	20090521	 15	 17	052	96
인천	20090522	 14	 18	000	86
인천	20090523	 13	 17	002	88
인천	20090524	 13	 21	000	80
인천	20090525	 15	 26	000	66
인천	20090526	 17	 27	000	64
인천	20090527	 17	 29	000	45
인천	20090528	 16	 28	000	42
인천	20090529	 17	 28	000	48
인천	20090530	 18	 23	000	50
인천	20090531	 15	 21	000	67
인천	20090601	 15	 25	000	65
인천	20090602	 19	 23	003	79
인천	20090603	 16	 21	001	88
인천	20090604	 16	 22	000	80
인천	20090605	 15	 26	000	59
인천	20090606	 17	 25	000	56
인천	20090607	 17	 21	000	75
인천	20090608	 16	 23	000	67
인천	20090609	 17	 21	017	84
인천	20090610	 17	 21	010	92
인천	20090611	 16	 23	000	67
인천	20090612	 14	 23	000	57
인천	20090613	 16	 22	000	73
인천	20090614	 17	 24	000	81
인천	20090615	 17	 25	000	79
인천	20090616	 18	 24	001	71
인천	20090617	 19	 24	000	64
인천	20090618	 19	 29	000	61
인천	20090619	 21	 27	000	66
인천	20090620	 21	 23	055	94
인천	20090621	 19	 26	001	89
인천	20090622	 19	 24	000	85
인천	20090623	 18	 23	000	78
인천	20090624	 19	 27	000	65
인천	20090625	 20	 26	000	63
인천	20090626	 20	 26	000	78
인천	20090627	 21	 30	000	71
인천	20090628	 22	 27	001	81
인천	20090629	 21	 28	004	87
인천	20090630	 21	 25	001	90
인천	20090701	 20	 25	000	80
인천	20090702	 20	 25	000	85
인천	20090703	 19	 25	000	79
인천	20090704	 20	 26	000	80
인천	20090705	 21	 27	000	73
인천	20090706	 21	 27	000	70
인천	20090707	 22	 28	000	72
인천	20090708	 22	 29	001	75
인천	20090709	 19	 24	143	93
인천	20090710	 20	 26	000	82
인천	20090711	 21	 27	002	76
인천	20090712	 19	 24	106	96
인천	20090713	 20	 26	018	87
인천	20090714	 20	 25	120	96
인천	20090715	 20	 24	000	90
인천	20090716	 21	 29	000	71
인천	20090717	 22	 25	060	93
인천	20090718	 21	 25	005	92
인천	20090719	 21	 27	000	87
인천	20090720	 22	 26	000	87
인천	20090721	 22	 27	000	81
인천	20090722	 21	 28	000	72
인천	20090723	 21	 28	000	76
인천	20090724	 21	 30	014	72
인천	20090725	 19	 25	003	77
인천	20090726	 21	 28	000	75
인천	20090727	 21	 29	000	77
인천	20090728	 22	 26	000	78
인천	20090729	 21	 28	000	76
인천	20090730	 22	 28	000	78
인천	20090731	 23	 29	000	76
인천	20090801	 23	 29	000	80
인천	20090802	 23	 29	000	76
인천	20090803	 24	 27	000	79
인천	20090804	 23	 30	000	73
인천	20090805	 24	 30	000	66
인천	20090806	 24	 29	001	65
인천	20090807	 22	 27	001	86
인천	20090808	 24	 28	000	82
인천	20090809	 25	 31	004	75
인천	20090810	 24	 31	000	59
인천	20090811	 23	 28	124	89
인천	20090812	 22	 25	134	91
인천	20090813	 22	 28	000	83
인천	20090814	 23	 30	000	78
인천	20090815	 22	 31	000	74
인천	20090816	 24	 31	000	71
인천	20090817	 25	 30	000	64
인천	20090818	 25	 29	000	78
인천	20090819	 25	 30	001	78
인천	20090820	 23	 28	007	83
인천	20090821	 22	 28	000	68
인천	20090822	 23	 28	000	58
인천	20090823	 21	 29	000	68
인천	20090824	 21	 28	000	76
인천	20090825	 22	 27	000	73
인천	20090826	 23	 26	014	83
인천	20090827	 22	 28	025	89
인천	20090828	 19	 27	000	70
인천	20090829	 17	 25	000	70
인천	20090830	 18	 23	006	79
인천	20090831	 18	 27	000	60
인천	20090901	 20	 28	000	57
인천	20090902	 20	 28	000	53
인천	20090903	 19	 27	000	68
인천	20090904	 20	 27	000	72
인천	20090905	 22	 27	000	71
인천	20090906	 22	 27	000	76
인천	20090907	 22	 26	001	83
인천	20090908	 18	 27	000	68
인천	20090909	 18	 26	000	53
인천	20090910	 17	 26	000	58
인천	20090911	 17	 23	018	66
인천	20090912	 17	 23	010	76
인천	20090913	 16	 24	000	67
인천	20090914	 19	 22	000	78
인천	20090915	 18	 24	000	77
인천	20090916	 17	 25	000	73
인천	20090917	 18	 25	000	65
인천	20090918	 17	 27	000	62
인천	20090919	 17	 26	000	53
인천	20090920	 18	 25	000	57
인천	20090921	 17	 21	022	84
인천	20090922	 15	 24	000	70
인천	20090923	 15	 25	000	66
인천	20090924	 16	 24	000	64
인천	20090925	 17	 23	000	74
인천	20090926	 16	 26	000	66
인천	20090927	 20	 22	001	71
인천	20090928	 18	 24	002	83
인천	20090929	 18	 25	000	83
인천	20090930	 19	 26	000	72
인천	20091001	 18	 26	000	67
인천	20091002	 16	 23	000	59
인천	20091003	 14	 22	001	52
인천	20091004	 14	 21	000	44
인천	20091005	 14	 23	000	62
인천	20091006	 15	 24	000	67
인천	20091007	 14	 23	000	56
인천	20091008	 12	 22	000	46
인천	20091009	 12	 20	000	58
인천	20091010	 11	 21	000	59
인천	20091011	 13	 20	000	62
인천	20091012	 14	 19	000	60
인천	20091013	 12	 19	017	76
인천	20091014	 12	 19	000	72
인천	20091015	 12	 22	000	65
인천	20091016	 12	 22	017	76
인천	20091017	 12	 17	012	67
인천	20091018	 13	 19	000	52
인천	20091019	 11	 15	019	59
인천	20091020	 07	 16	000	50
인천	20091021	 11	 18	000	52
인천	20091022	 09	 19	000	53
인천	20091023	 12	 21	003	72
인천	20091024	 14	 21	000	64
인천	20091025	 14	 21	000	69
인천	20091026	 13	 20	000	80
인천	20091027	 12	 19	000	78
인천	20091028	 12	 20	000	64
인천	20091029	 14	 22	000	60
인천	20091030	 16	 22	000	74
인천	20091031	 13	 19	022	82
인천	20091101	 06	 13	004	72
인천	20091102	-01	 06	000	43
인천	20091103	-02	 10	000	54
인천	20091104	 08	 17	000	70
인천	20091105	 13	 18	000	77
인천	20091106	 13	 19	000	84
인천	20091107	 14	 20	003	87
인천	20091108	 15	 19	059	94
인천	20091109	 14	 19	000	85
인천	20091110	 10	 16	000	60
인천	20091111	 08	 15	000	50
인천	20091112	 05	 13	000	50
인천	20091113	 08	 11	001	80
인천	20091114	 02	 10	000	66
인천	20091115	-02	 02	000	59
인천	20091116	-03	 02	000	54
인천	20091117	-02	 03	000	47
인천	20091118	-04	 04	000	37
인천	20091119	-01	 06	000	55
인천	20091120	-02	 06	000	58
인천	20091121	-03	 04	000	36
인천	20091122	 00	 08	006	62
인천	20091123	 06	 13	000	66
인천	20091124	 07	 14	000	66
인천	20091125	 06	 09	004	86
인천	20091126	 05	 11	000	83
인천	20091127	 03	 09	000	77
인천	20091128	 02	 08	000	78
인천	20091129	 05	 07	002	86
인천	20091130	 04	 10	000	70
인천	20091201	 06	 11	000	74
인천	20091202	 05	 08	000	81
인천	20091203	 04	 07	001	78
인천	20091204	 02	 09	000	65
인천	20091205	-03	 07	011	61
인천	20091206	-04	 01	000	38
인천	20091207	-04	 05	000	48
인천	20091208	-01	 05	000	77
인천	20091209	 02	 09	000	81
인천	20091210	 06	 09	002	84
인천	20091211	 06	 09	001	89
인천	20091212	 02	 09	000	72
인천	20091213	 00	 06	000	50
인천	20091214	-02	 04	000	36
인천	20091215	-06	 00	000	34
인천	20091216	-08	-02	000	40
인천	20091217	-08	-03	000	52
인천	20091218	-11	-05	000	56
인천	20091219	-08	-04	000	54
인천	20091220	-08	 00	000	52
인천	20091221	-08	 01	000	46
인천	20091222	 00	 09	000	67
인천	20091223	 02	 08	000	71
인천	20091224	 00	 08	000	71
인천	20091225	-03	 05	001	78
인천	20091226	-09	-03	000	54
인천	20091227	-09	-05	002	72
인천	20091228	-10	-04	000	54
인천	20091229	-07	 04	001	60
인천	20091230	-07	 04	000	67
인천	20091231	-11	-07	000	51
인천	20100101	-11	-02	000	49
인천	20100102	-05	 01	000	72
인천	20100103	-09	-03	000	54
인천	20100104	-07	-03	014	84
인천	20100105	-11	-06	000	66
인천	20100106	-11	-07	000	64
인천	20100107	-12	-05	000	63
인천	20100108	-11	-03	000	65
인천	20100109	-07	-01	000	77
인천	20100110	-06	-01	000	89
인천	20100111	-06	-01	000	82
인천	20100112	-12	-06	000	55
인천	20100113	-13	-09	000	55
인천	20100114	-12	-03	000	54
인천	20100115	-07	 00	000	69
인천	20100116	-09	-01	000	55
인천	20100117	-08	 02	000	62
인천	20100118	-03	 05	000	70
인천	20100119	 01	 09	003	72
인천	20100120	 03	 09	007	97
인천	20100121	-07	 03	001	60
인천	20100122	-08	-02	000	49
인천	20100123	-08	 00	000	50
인천	20100124	-02	 05	000	70
인천	20100125	-07	 05	000	50
인천	20100126	-08	 03	000	54
인천	20100127	-02	 05	004	71
인천	20100128	-05	 03	000	72
인천	20100129	-06	 03	000	58
인천	20100130	-01	 05	000	73
인천	20100131	 00	 06	000	84
인천	20100201	-02	 05	000	77
인천	20100202	-07	-02	000	31
인천	20100203	-09	-04	000	42
인천	20100204	-08	 01	000	51
인천	20100205	-06	-01	000	40
인천	20100206	-09	 01	000	44
인천	20100207	-05	 06	000	40
인천	20100208	 03	 07	000	61
인천	20100209	 02	 04	008	92
인천	20100210	 03	 06	000	80
인천	20100211	-01	 04	011	89
인천	20100212	-01	 01	002	90
인천	20100213	-03	 00	000	68
인천	20100214	-05	 01	000	53
인천	20100215	-06	 00	000	54
인천	20100216	-08	 00	000	47
인천	20100217	-07	 01	001	54
인천	20100218	-04	 00	000	58
인천	20100219	-03	 03	000	64
인천	20100220	 00	 09	000	71
인천	20100221	 02	 10	000	56
인천	20100222	 02	 10	000	79
인천	20100223	 00	 14	000	67
인천	20100224	 07	 17	000	56
인천	20100225	 09	 17	027	93
인천	20100226	 08	 16	000	81
인천	20100227	 06	 12	000	73
인천	20100228	 04	 08	000	88
인천	20100301	 03	 06	011	84
인천	20100302	 01	 07	000	76
인천	20100303	-01	 10	000	54
인천	20100304	 05	 08	002	74
인천	20100305	 04	 09	000	77
인천	20100306	 01	 09	000	60
인천	20100307	 05	 09	000	50
인천	20100308	 02	 08	000	45
인천	20100309	-03	 05	004	72
인천	20100310	-03	 03	001	80
인천	20100311	 00	 07	000	62
인천	20100312	 02	 10	000	64
인천	20100313	-01	 07	000	35
인천	20100314	 01	 14	009	54
인천	20100315	 04	 12	011	74
인천	20100316	 00	 05	000	42
인천	20100317	-01	 05	002	61
인천	20100318	-02	 06	000	59
인천	20100319	-01	 11	000	52
인천	20100320	 02	 11	000	88
인천	20100321	 01	 08	000	49
인천	20100322	 01	 06	012	81
인천	20100323	 02	 11	000	76
인천	20100324	 04	 14	000	54
인천	20100325	 01	 12	000	41
인천	20100326	-01	 06	000	52
인천	20100327	 04	 08	000	81
인천	20100328	 00	 08	000	46
인천	20100329	 01	 10	000	48
인천	20100330	 05	 14	000	57
인천	20100331	 07	 10	013	89
인천	20100401	 05	 10	001	78
인천	20100402	 04	 09	000	53
인천	20100403	 03	 10	000	40
인천	20100404	 03	 14	000	44
인천	20100405	 06	 15	000	66
인천	20100406	 05	 12	000	58
인천	20100407	 03	 11	000	48
인천	20100408	 04	 13	000	57
인천	20100409	 07	 16	000	59
인천	20100410	 09	 12	000	78
인천	20100411	 07	 20	000	54
인천	20100412	 08	 19	010	57
인천	20100413	 04	 08	001	52
인천	20100414	 03	 07	000	35
인천	20100415	 02	 12	000	43
인천	20100416	 05	 13	000	50
인천	20100417	 05	 12	000	71
인천	20100418	 07	 17	000	57
인천	20100419	 13	 17	000	62
인천	20100420	 12	 19	001	84
인천	20100421	 12	 19	004	72
인천	20100422	 10	 13	003	72
인천	20100423	 08	 14	002	75
인천	20100424	 07	 14	000	65
인천	20100425	 08	 17	000	45
인천	20100426	 10	 17	025	66
인천	20100427	 06	 10	004	77
인천	20100428	 05	 08	009	79
인천	20100429	 06	 12	000	69
인천	20100430	 08	 13	000	72
인천	20100501	 07	 15	000	56
인천	20100502	 12	 20	000	49
인천	20100503	 15	 17	000	92
인천	20100504	 16	 23	000	83
인천	20100505	 17	 23	001	61
인천	20100506	 10	 20	012	90
인천	20100507	 10	 18	000	64
인천	20100508	 12	 19	000	61
인천	20100509	 13	 24	000	49
인천	20100510	 12	 19	000	59
인천	20100511	 11	 16	000	70
인천	20100512	 09	 17	000	74
인천	20100513	 11	 20	000	62
인천	20100514	 14	 22	000	50
인천	20100515	 12	 21	000	56
인천	20100516	 13	 23	000	57
인천	20100517	 14	 23	003	54
인천	20100518	 14	 19	051	98
인천	20100519	 14	 19	000	93
인천	20100520	 14	 22	000	82
인천	20100521	 15	 26	000	63
인천	20100522	 16	 22	008	74
인천	20100523	 15	 18	015	85
인천	20100524	 13	 16	016	97
인천	20100525	 12	 19	000	88
인천	20100526	 16	 22	000	59
인천	20100527	 14	 22	000	53
인천	20100528	 14	 17	000	88
인천	20100529	 14	 22	000	77
인천	20100530	 15	 23	000	71
인천	20100531	 15	 21	001	70
인천	20100601	 14	 23	000	57
인천	20100602	 14	 24	000	65
인천	20100603	 15	 25	000	64
인천	20100604	 16	 26	000	58
인천	20100605	 17	 26	000	58
인천	20100606	 18	 29	000	51
인천	20100607	 19	 28	000	57
인천	20100608	 19	 28	000	40
인천	20100609	 20	 29	000	51
인천	20100610	 19	 29	000	55
인천	20100611	 19	 29	002	55
인천	20100612	 18	 20	067	94
인천	20100613	 18	 25	036	88
인천	20100614	 19	 25	018	87
인천	20100615	 20	 28	000	81
인천	20100616	 19	 23	003	86
인천	20100617	 20	 26	000	85
인천	20100618	 22	 30	002	73
인천	20100619	 20	 24	002	91
인천	20100620	 18	 25	000	86
인천	20100621	 17	 24	000	80
인천	20100622	 18	 22	000	68
인천	20100623	 17	 27	000	63
인천	20100624	 18	 27	000	63
인천	20100625	 19	 31	000	59
인천	20100626	 22	 26	009	70
인천	20100627	 20	 23	006	93
인천	20100628	 20	 27	000	77
인천	20100629	 19	 25	000	84
인천	20100630	 19	 24	056	91
인천	20100701	 22	 28	000	84
인천	20100702	 22	 25	037	94
인천	20100703	 21	 24	002	95
인천	20100704	 22	 29	000	83
인천	20100705	 21	 27	001	87
인천	20100706	 21	 28	000	83
인천	20100707	 21	 28	000	79
인천	20100708	 21	 27	000	71
인천	20100709	 22	 28	000	71
인천	20100710	 22	 28	000	77
인천	20100711	 22	 27	003	70
인천	20100712	 22	 28	000	67
인천	20100713	 22	 30	000	76
인천	20100714	 22	 29	000	78
인천	20100715	 21	 28	000	77
인천	20100716	 23	 27	110	90
인천	20100717	 23	 25	072	96
인천	20100718	 23	 28	002	82
인천	20100719	 24	 28	000	83
인천	20100720	 24	 31	000	75
인천	20100721	 25	 28	000	77
인천	20100722	 25	 28	000	87
인천	20100723	 23	 25	025	93
인천	20100724	 23	 28	001	87
인천	20100725	 23	 28	022	87
인천	20100726	 23	 27	002	86
인천	20100727	 24	 29	000	81
인천	20100728	 24	 31	000	67
인천	20100729	 25	 29	000	82
인천	20100730	 24	 27	000	88
인천	20100731	 24	 29	000	86
인천	20100801	 25	 28	000	87
인천	20100802	 24	 31	001	82
인천	20100803	 23	 30	000	61
인천	20100804	 25	 31	000	70
인천	20100805	 27	 32	000	77
인천	20100806	 26	 29	002	87
인천	20100807	 25	 28	037	92
인천	20100808	 25	 30	000	74
인천	20100809	 25	 32	000	66
인천	20100810	 26	 31	012	81
인천	20100811	 25	 33	000	75
인천	20100812	 24	 26	020	85
인천	20100813	 24	 29	061	91
인천	20100814	 25	 29	012	90
인천	20100815	 25	 28	035	89
인천	20100816	 23	 26	000	83
인천	20100817	 22	 30	000	71
인천	20100818	 23	 31	010	84
인천	20100819	 26	 32	000	77
인천	20100820	 26	 31	000	78
인천	20100821	 25	 31	000	79
인천	20100822	 26	 31	001	80
인천	20100823	 24	 27	009	91
인천	20100824	 22	 26	016	86
인천	20100825	 19	 23	030	93
인천	20100826	 22	 28	004	87
인천	20100827	 25	 31	005	78
인천	20100828	 25	 27	031	85
인천	20100829	 22	 26	190	96
인천	20100830	 23	 28	003	82
인천	20100831	 23	 26	011	91
인천	20100901	 23	 30	012	86
인천	20100902	 22	 27	040	86
인천	20100903	 23	 29	037	85
인천	20100904	 24	 29	000	80
인천	20100905	 24	 31	007	82
인천	20100906	 23	 29	001	80
인천	20100907	 23	 31	000	59
인천	20100908	 22	 25	000	49
인천	20100909	 20	 24	040	94
인천	20100910	 23	 25	048	96
인천	20100911	 22	 25	036	93
인천	20100912	 20	 26	007	85
인천	20100913	 20	 27	000	80
인천	20100914	 22	 27	000	84
인천	20100915	 21	 29	000	64
인천	20100916	 20	 29	000	72
인천	20100917	 22	 27	000	78
인천	20100918	 23	 28	000	67
인천	20100919	 19	 24	021	91
인천	20100920	 20	 25	028	86
인천	20100921	 18	 25	176	95
인천	20100922	 15	 19	000	82
인천	20100923	 13	 23	000	61
인천	20100924	 13	 23	000	61
인천	20100925	 15	 23	000	65
인천	20100926	 16	 25	000	59
인천	20100927	 17	 23	005	80
인천	20100928	 13	 19	000	49
인천	20100929	 11	 16	000	56
인천	20100930	 11	 20	000	64
인천	20101001	 13	 21	000	68
인천	20101002	 15	 20	018	83
인천	20101003	 15	 21	008	81
인천	20101004	 14	 17	003	80
인천	20101005	 12	 19	000	71
인천	20101006	 13	 21	000	70
인천	20101007	 14	 22	000	71
인천	20101008	 16	 24	000	72
인천	20101009	 16	 23	000	76
인천	20101010	 15	 23	000	79
인천	20101011	 18	 22	000	86
인천	20101012	 14	 19	001	80
인천	20101013	 14	 19	000	75
인천	20101014	 13	 20	000	71
인천	20101015	 12	 17	000	42
인천	20101016	 13	 21	000	63
인천	20101017	 12	 20	000	51
인천	20101018	 10	 18	000	48
인천	20101019	 11	 21	000	65
인천	20101020	 12	 20	000	71
인천	20101021	 10	 20	000	73
인천	20101022	 14	 23	000	64
인천	20101023	 14	 20	000	62
인천	20101024	 14	 22	000	72
인천	20101025	 06	 15	000	49
인천	20101026	 03	 09	000	30
인천	20101027	 01	 11	000	37
인천	20101028	 02	 13	000	41
인천	20101029	 05	 16	000	42
인천	20101030	 07	 18	000	47
인천	20101031	 08	 17	000	58
인천	20101101	 08	 16	000	55
인천	20101102	 04	 10	000	38
인천	20101103	 04	 14	000	53
인천	20101104	 08	 16	000	71
인천	20101105	 09	 16	000	86
인천	20101106	 12	 15	000	93
인천	20101107	 11	 15	001	87
인천	20101108	 03	 13	000	64
인천	20101109	 04	 07	000	45
인천	20101110	 01	 10	000	45
인천	20101111	 05	 16	001	54
인천	20101112	 07	 13	001	60
인천	20101113	 07	 17	000	58
인천	20101114	 04	 11	000	44
인천	20101115	 00	 06	000	42
인천	20101116	 00	 09	000	60
인천	20101117	 05	 12	000	67
인천	20101118	 04	 12	000	58
인천	20101119	 05	 12	000	59
인천	20101120	 07	 15	000	55
인천	20101121	 08	 16	000	69
인천	20101122	 02	 14	000	54
인천	20101123	 00	 10	000	54
인천	20101124	 04	 11	000	67
인천	20101125	 01	 08	000	55
인천	20101126	-02	 06	000	36
인천	20101127	-01	 10	004	52
인천	20101128	-04	 03	003	51
인천	20101129	-01	 08	000	68
인천	20101130	 06	 13	004	88
인천	20101201	 07	 11	000	86
인천	20101202	 08	 15	002	73
인천	20101203	-02	 09	000	58
인천	20101204	-02	 09	000	66
인천	20101205	 07	 13	000	80
인천	20101206	-02	 11	000	62
인천	20101207	-04	 04	000	39
인천	20101208	 00	 04	005	78
인천	20101209	-02	 03	000	47
인천	20101210	-01	 11	001	57
인천	20101211	-05	 07	000	40
인천	20101212	-05	 04	000	31
인천	20101213	 02	 06	000	45
인천	20101214	-08	 03	000	54
인천	20101215	-11	-06	000	44
인천	20101216	-11	-03	000	44
인천	20101217	-03	 05	001	74
인천	20101218	-03	 08	000	51
인천	20101219	 04	 10	000	73
인천	20101220	 00	 07	000	95
인천	20101221	 00	 10	000	66
인천	20101222	 00	 08	000	71
인천	20101223	-08	 05	000	55
인천	20101224	-13	-08	000	43
인천	20101225	-12	-06	000	48
인천	20101226	-12	-04	000	55
인천	20101227	-08	 01	001	80
인천	20101228	-04	 02	004	82
인천	20101229	-07	-01	000	61
인천	20101230	-07	-03	003	75
인천	20101231	-09	-05	000	58
인천	20110101	-09	-02	000	58
인천	20110102	-09	-01	000	66
인천	20110103	-08	 00	000	71
인천	20110104	-06	 00	000	68
인천	20110105	-06	-01	000	66
인천	20110106	-07	-04	000	52
인천	20110107	-09	-01	000	49
인천	20110108	-06	 03	000	70
인천	20110109	-09	 01	000	54
인천	20110110	-10	-04	000	47
인천	20110111	-06	 00	002	66
인천	20110112	-09	-04	000	47
인천	20110113	-09	 00	000	47
인천	20110114	-05	 01	001	67
인천	20110115	-14	-05	000	43
인천	20110116	-15	-09	000	50
인천	20110117	-13	-03	000	49
인천	20110118	-08	-02	000	49
인천	20110119	-08	-02	000	46
인천	20110120	-09	-04	000	46
인천	20110121	-09	-02	000	49
인천	20110122	-05	 01	000	65
인천	20110123	-06	 00	004	73
인천	20110124	-09	-05	000	63
인천	20110125	-10	-04	000	59
인천	20110126	-08	-05	000	52
인천	20110127	-09	-05	000	47
인천	20110128	-09	-04	000	44
인천	20110129	-09	-05	000	45
인천	20110130	-11	-05	000	45
인천	20110131	-10	-01	000	64
인천	20110201	-04	 06	000	71
인천	20110202	-02	 07	000	72
인천	20110203	 00	 05	000	89
인천	20110204	 00	 05	000	84
인천	20110205	-01	 05	000	83
인천	20110206	-01	 04	000	83
인천	20110207	-04	 03	000	70
인천	20110208	-01	 09	000	50
인천	20110209	-04	 02	000	52
인천	20110210	-05	 02	000	45
인천	20110211	-06	 02	000	43
인천	20110212	-07	-01	000	43
인천	20110213	-08	 00	000	45
인천	20110214	-06	 00	000	53
인천	20110215	-05	 03	000	56
인천	20110216	-04	 04	000	70
인천	20110217	-01	 05	000	66
인천	20110218	-03	 07	000	59
인천	20110219	-03	 07	000	65
인천	20110220	-01	 13	000	53
인천	20110221	 03	 12	000	47
인천	20110222	-01	 11	000	70
인천	20110223	-02	 09	000	86
인천	20110224	 01	 10	000	74
인천	20110225	-01	 06	000	45
인천	20110226	-01	 14	000	41
인천	20110227	 04	 09	032	89
인천	20110228	 02	 06	001	80
인천	20110301	-01	 05	001	78
인천	20110302	-03	 02	000	41
인천	20110303	-03	 03	000	41
인천	20110304	-02	 06	000	58
인천	20110305	 00	 07	000	79
인천	20110306	 02	 08	000	76
인천	20110307	 00	 06	000	49
인천	20110308	 00	 07	000	51
인천	20110309	-01	 06	000	43
인천	20110310	-02	 06	000	57
인천	20110311	 01	 09	000	65
인천	20110312	 04	 13	000	60
인천	20110313	 06	 13	000	81
인천	20110314	 04	 09	000	82
인천	20110315	-01	 06	000	47
인천	20110316	-01	 04	000	39
인천	20110317	-01	 06	000	45
인천	20110318	 00	 12	000	40
인천	20110319	 05	 13	000	65
인천	20110320	 04	 12	005	73
인천	20110321	 05	 13	000	51
인천	20110322	 01	 07	000	32
인천	20110323	 00	 08	000	51
인천	20110324	 01	 08	009	65
인천	20110325	 01	 07	000	47
인천	20110326	-01	 09	000	53
인천	20110327	 02	 09	000	63
인천	20110328	 04	 09	000	81
인천	20110329	 02	 08	000	73
인천	20110330	 04	 11	000	76
인천	20110331	 04	 12	000	77
인천	20110401	 04	 14	000	64
인천	20110402	 04	 11	000	73
인천	20110403	 04	 14	000	64
인천	20110404	 04	 14	000	57
인천	20110405	 05	 16	000	57
인천	20110406	 05	 15	000	50
인천	20110407	 09	 11	008	94
인천	20110408	 07	 16	000	64
인천	20110409	 04	 11	000	83
인천	20110410	 07	 13	001	66
인천	20110411	 06	 14	000	39
인천	20110412	 06	 13	000	66
인천	20110413	 06	 14	000	59
인천	20110414	 07	 16	000	51
인천	20110415	 09	 13	000	85
인천	20110416	 06	 17	000	33
인천	20110417	 08	 14	000	58
인천	20110418	 06	 10	003	78
인천	20110419	 07	 14	000	52
인천	20110420	 07	 15	000	64
인천	20110421	 09	 17	000	34
인천	20110422	 08	 15	017	85
인천	20110423	 07	 13	000	66
인천	20110424	 08	 12	000	74
인천	20110425	 08	 14	000	74
인천	20110426	 11	 12	003	86
인천	20110427	 10	 15	003	82
인천	20110428	 08	 14	000	62
인천	20110429	 09	 18	003	51
인천	20110430	 12	 15	092	98
인천	20110501	 09	 15	000	84
인천	20110502	 09	 18	000	68
인천	20110503	 11	 17	000	57
인천	20110504	 10	 20	000	54
인천	20110505	 11	 21	000	44
인천	20110506	 14	 18	001	66
인천	20110507	 12	 19	002	93
인천	20110508	 11	 21	000	65
인천	20110509	 13	 21	001	82
인천	20110510	 13	 19	007	94
인천	20110511	 15	 21	015	79
인천	20110512	 12	 20	000	71
인천	20110513	 11	 18	000	68
인천	20110514	 12	 18	000	55
인천	20110515	 12	 21	000	61
인천	20110516	 11	 21	000	56
인천	20110517	 12	 19	000	45
인천	20110518	 14	 23	000	54
인천	20110519	 19	 21	000	71
인천	20110520	 14	 19	012	96
인천	20110521	 13	 17	002	91
인천	20110522	 12	 21	000	68
인천	20110523	 15	 24	000	54
인천	20110524	 15	 25	000	41
인천	20110525	 17	 28	000	44
인천	20110526	 18	 22	000	52
인천	20110527	 16	 23	000	64
인천	20110528	 15	 26	000	58
인천	20110529	 18	 27	000	52
인천	20110530	 17	 25	000	47
인천	20110531	 16	 23	006	66
인천	20110601	 15	 20	014	87
인천	20110602	 14	 22	000	87
인천	20110603	 13	 21	000	88
인천	20110604	 15	 20	001	92
인천	20110605	 15	 24	000	81
인천	20110606	 13	 22	000	65
인천	20110607	 15	 23	000	63
인천	20110608	 16	 24	000	71
인천	20110609	 16	 21	002	88
인천	20110610	 17	 22	000	84
인천	20110611	 18	 25	000	63
인천	20110612	 17	 25	000	69
인천	20110613	 16	 23	000	83
인천	20110614	 15	 24	000	73
인천	20110615	 17	 27	000	69
인천	20110616	 18	 29	000	52
인천	20110617	 20	 27	000	55
인천	20110618	 19	 26	000	70
인천	20110619	 19	 30	000	64
인천	20110620	 20	 28	000	70
인천	20110621	 18	 26	000	79
인천	20110622	 20	 25	019	91
인천	20110623	 19	 22	034	98
인천	20110624	 18	 21	007	93
인천	20110625	 18	 20	034	88
인천	20110626	 18	 23	033	86
인천	20110627	 17	 20	013	93
인천	20110628	 17	 28	001	77
인천	20110629	 20	 23	143	96
인천	20110630	 20	 26	009	93
인천	20110701	 22	 27	000	87
인천	20110702	 21	 26	000	91
인천	20110703	 20	 24	104	97
인천	20110704	 18	 24	000	87
인천	20110705	 19	 26	000	78
인천	20110706	 20	 28	000	72
인천	20110707	 20	 24	047	88
인천	20110708	 19	 24	000	91
인천	20110709	 21	 27	007	89
인천	20110710	 21	 27	006	87
인천	20110711	 21	 22	023	95
인천	20110712	 21	 25	037	93
인천	20110713	 23	 26	036	93
인천	20110714	 21	 25	044	95
인천	20110715	 21	 25	014	95
인천	20110716	 21	 24	073	97
인천	20110717	 21	 26	003	90
인천	20110718	 24	 32	000	71
인천	20110719	 24	 33	000	61
인천	20110720	 24	 33	000	55
인천	20110721	 23	 30	000	56
인천	20110722	 22	 25	001	86
인천	20110723	 23	 28	000	87
인천	20110724	 22	 26	034	92
인천	20110725	 24	 29	000	83
인천	20110726	 22	 29	017	82
인천	20110727	 23	 25	192	95
인천	20110728	 23	 25	080	95
인천	20110729	 23	 27	004	90
인천	20110730	 24	 28	000	86
인천	20110731	 23	 27	147	93
인천	20110801	 23	 28	008	91
인천	20110802	 24	 30	000	85
인천	20110803	 24	 28	005	87
인천	20110804	 24	 27	017	89
인천	20110805	 24	 32	006	77
인천	20110806	 25	 31	036	73
인천	20110807	 25	 32	006	69
인천	20110808	 23	 27	034	91
인천	20110809	 23	 28	000	86
인천	20110810	 22	 26	000	93
인천	20110811	 23	 28	000	91
인천	20110812	 24	 26	023	95
인천	20110813	 24	 25	022	91
인천	20110814	 23	 26	010	95
인천	20110815	 22	 26	001	95
인천	20110816	 23	 25	035	96
인천	20110817	 23	 24	006	98
인천	20110818	 21	 28	000	80
인천	20110819	 22	 27	000	86
인천	20110820	 21	 24	000	87
인천	20110821	 20	 28	000	80
인천	20110822	 21	 29	003	74
인천	20110823	 19	 29	000	66
인천	20110824	 22	 29	000	58
인천	20110825	 22	 29	000	60
인천	20110826	 24	 30	000	59
인천	20110827	 25	 31	000	63
인천	20110828	 24	 29	000	73
인천	20110829	 24	 29	000	82
인천	20110830	 24	 30	000	78
인천	20110831	 23	 31	000	72
인천	20110901	 23	 29	000	74
인천	20110902	 23	 32	000	65
인천	20110903	 20	 30	000	52
인천	20110904	 20	 29	000	52
인천	20110905	 20	 27	000	56
인천	20110906	 19	 27	000	57
인천	20110907	 19	 26	000	57
인천	20110908	 21	 24	000	60
인천	20110909	 20	 21	003	79
인천	20110910	 19	 24	000	71
인천	20110911	 20	 23	000	81
인천	20110912	 20	 26	000	74
인천	20110913	 21	 29	000	59
인천	20110914	 22	 28	000	80
인천	20110915	 22	 28	000	80
인천	20110916	 22	 28	000	77
인천	20110917	 21	 29	000	75
인천	20110918	 19	 26	000	63
인천	20110919	 16	 19	000	56
인천	20110920	 14	 23	000	48
인천	20110921	 14	 24	000	47
인천	20110922	 13	 24	000	48
인천	20110923	 15	 24	000	51
인천	20110924	 17	 23	000	68
인천	20110925	 17	 24	000	75
인천	20110926	 17	 25	000	67
인천	20110927	 17	 27	000	49
인천	20110928	 18	 24	000	54
인천	20110929	 16	 21	023	85
인천	20110930	 11	 18	000	49
인천	20111001	 09	 17	000	47
인천	20111002	 11	 18	000	45
인천	20111003	 10	 19	000	48
인천	20111004	 11	 20	000	51
인천	20111005	 14	 21	000	53
인천	20111006	 14	 20	000	59
인천	20111007	 13	 20	000	61
인천	20111008	 13	 20	000	68
인천	20111009	 14	 22	000	68
인천	20111010	 15	 20	000	82
인천	20111011	 12	 21	000	51
인천	20111012	 12	 18	000	58
인천	20111013	 13	 22	000	67
인천	20111014	 14	 17	008	85
인천	20111015	 12	 17	020	88
인천	20111016	 10	 16	000	50
인천	20111017	 07	 16	000	38
인천	20111018	 05	 16	000	37
인천	20111019	 07	 22	000	46
인천	20111020	 13	 21	000	55
인천	20111021	 14	 21	000	54
인천	20111022	 15	 21	000	64
인천	20111023	 14	 21	000	78
인천	20111024	 08	 16	002	75
인천	20111025	 07	 13	000	40
인천	20111026	 06	 15	000	46
인천	20111027	 09	 18	000	51
인천	20111028	 12	 18	000	62
인천	20111029	 12	 17	002	73
인천	20111030	 11	 19	000	57
인천	20111031	 11	 20	000	51
인천	20111101	 13	 22	000	51
인천	20111102	 14	 21	000	62
인천	20111103	 11	 22	000	57
인천	20111104	 17	 22	003	78
인천	20111105	 16	 24	000	80
인천	20111106	 14	 19	009	84
인천	20111107	 13	 18	000	78
인천	20111108	 11	 18	000	79
인천	20111109	 13	 18	003	64
인천	20111110	 13	 17	000	60
인천	20111111	 11	 15	004	84
인천	20111112	 09	 16	000	73
인천	20111113	 08	 16	000	54
인천	20111114	 04	 11	000	42
인천	20111115	 04	 12	000	49
인천	20111116	 08	 16	000	50
인천	20111117	 12	 16	000	51
인천	20111118	 13	 18	004	85
인천	20111119	 05	 16	000	79
인천	20111120	-01	 05	000	44
인천	20111121	-02	 08	000	40
인천	20111122	 04	 09	001	60
인천	20111123	-01	 09	008	69
인천	20111124	-04	 03	000	51
인천	20111125	 01	 08	000	56
인천	20111126	 05	 12	000	56
인천	20111127	 12	 15	000	80
인천	20111128	 13	 16	001	89
인천	20111129	 09	 13	000	91
인천	20111130	 05	 09	023	90
인천	20111201	 05	 10	000	59
인천	20111202	 05	 08	000	58
인천	20111203	 04	 09	000	73
인천	20111204	 01	 06	000	52
인천	20111205	-01	 05	000	40
인천	20111206	 01	 07	000	46
인천	20111207	 04	 07	000	64
인천	20111208	-03	 05	000	60
인천	20111209	-04	 02	000	51
인천	20111210	-03	 02	000	61
인천	20111211	 00	 07	000	72
인천	20111212	 00	 07	000	56
인천	20111213	-01	 07	000	48
인천	20111214	 01	 09	000	66
인천	20111215	-04	 01	000	45
인천	20111216	-07	-03	000	45
인천	20111217	-09	 00	000	53
인천	20111218	-03	 02	000	50
인천	20111219	-05	 03	000	43
인천	20111220	-04	 05	000	45
인천	20111221	 01	 07	000	63
인천	20111222	-07	 02	000	38
인천	20111223	-08	 01	006	45
인천	20111224	-06	-03	000	59
인천	20111225	-08	-04	000	42
인천	20111226	-08	-03	000	35
인천	20111227	-08	 01	000	44
인천	20111228	-03	 04	000	68
인천	20111229	-05	 03	000	65
인천	20111230	-07	 02	000	68
인천	20111231	-05	 02	000	67
인천	20120101	-06	 01	000	68
인천	20120102	-07	 00	000	63
인천	20120103	-05	 01	000	66
인천	20120104	-08	-04	000	57
인천	20120105	-08	 00	000	49
인천	20120106	-05	 01	000	51
인천	20120107	-07	 01	000	53
인천	20120108	-05	 01	000	61
인천	20120109	-02	 03	000	73
인천	20120110	-05	 03	000	50
인천	20120111	-08	-02	000	46
인천	20120112	-09	 02	000	55
인천	20120113	-03	 03	000	54
인천	20120114	-05	 04	000	56
인천	20120115	-04	 01	000	40
인천	20120116	-06	 07	000	47
인천	20120117	-01	 07	000	46
인천	20120118	-02	 06	000	46
인천	20120119	 00	 08	000	60
인천	20120120	 05	 08	000	63
인천	20120121	-03	 05	000	64
인천	20120122	-10	-03	000	39
인천	20120123	-11	-04	000	38
인천	20120124	-11	-01	001	42
인천	20120125	-09	-04	000	42
인천	20120126	-06	 04	000	65
인천	20120127	-02	 06	000	70
인천	20120128	-05	 03	000	33
인천	20120129	-05	 03	000	25
인천	20120130	-07	-01	000	26
인천	20120131	-07	 01	003	56
인천	20120201	-12	-06	000	48
인천	20120202	-15	-09	000	49
인천	20120203	-12	 00	000	57
인천	20120204	-04	 02	000	51
인천	20120205	-04	 05	000	48
인천	20120206	-02	 06	000	58
인천	20120207	-10	 00	000	45
인천	20120208	-10	-03	000	46
인천	20120209	-07	 02	000	48
인천	20120210	-06	 03	000	44
인천	20120211	-07	 02	000	42
인천	20120212	-04	 05	000	42
인천	20120213	 00	 08	000	36
인천	20120214	 00	 07	000	56
인천	20120215	-04	 03	000	32
인천	20120216	-05	 03	000	36
인천	20120217	-07	-02	000	39
인천	20120218	-08	-02	000	40
인천	20120219	-08	 01	000	44
인천	20120220	-04	 05	000	63
인천	20120221	 00	 06	000	66
인천	20120222	 01	 13	000	50
인천	20120223	 01	 08	000	67
인천	20120224	 00	 10	000	69
인천	20120225	-02	 05	000	59
인천	20120226	-03	 04	000	37
인천	20120227	-06	 05	000	36
인천	20120228	-03	 08	000	28
인천	20120229	 00	 10	000	39
인천	20120301	 03	 13	000	31
인천	20120302	 05	 09	000	51
인천	20120303	 02	 13	000	49
인천	20120304	 05	 11	000	48
인천	20120305	 05	 10	007	69
인천	20120306	 03	 06	003	85
인천	20120307	 00	 07	000	69
인천	20120308	 00	 06	000	50
인천	20120309	-02	 07	000	58
인천	20120310	 01	 08	000	62
인천	20120311	-03	 02	000	46
인천	20120312	-05	 04	000	44
인천	20120313	-02	 06	000	62
인천	20120314	 02	 06	000	74
인천	20120315	-01	 11	000	43
인천	20120316	 05	 13	004	54
인천	20120317	 07	 14	002	81
인천	20120318	 02	 10	000	71
인천	20120319	-01	 07	000	41
인천	20120320	-01	 07	000	42
인천	20120321	 01	 08	000	50
인천	20120322	 04	 09	000	73
인천	20120323	 04	 09	012	86
인천	20120324	 03	 07	000	61
인천	20120325	 02	 08	000	47
인천	20120326	 02	 08	000	47
인천	20120327	 02	 11	000	64
인천	20120328	 06	 13	000	77
인천	20120329	 05	 14	000	72
인천	20120330	 06	 10	000	86
인천	20120331	 04	 10	000	47
인천	20120401	 02	 08	000	33
인천	20120402	 04	 15	013	57
인천	20120403	 02	 10	018	68
인천	20120404	 05	 11	000	69
인천	20120405	 05	 11	000	51
인천	20120406	 04	 09	000	49
인천	20120407	 03	 10	000	40
인천	20120408	 06	 14	000	59
인천	20120409	 09	 18	000	81
인천	20120410	 08	 16	006	91
인천	20120411	 08	 16	002	77
인천	20120412	 06	 10	000	63
인천	20120413	 08	 12	000	62
인천	20120414	 05	 12	000	92
인천	20120415	 06	 18	000	75
인천	20120416	 06	 14	000	73
인천	20120417	 07	 17	000	43
인천	20120418	 08	 19	000	47
인천	20120419	 12	 21	000	45
인천	20120420	 13	 23	000	43
인천	20120421	 11	 18	043	78
인천	20120422	 08	 13	008	97
인천	20120423	 09	 18	000	86
인천	20120424	 14	 25	000	68
인천	20120425	 09	 21	015	70
인천	20120426	 09	 16	001	62
인천	20120427	 10	 19	000	33
인천	20120428	 14	 19	000	48
인천	20120429	 15	 24	000	56
인천	20120430	 16	 29	000	46
인천	20120501	 18	 27	000	52
인천	20120502	 16	 27	000	57
인천	20120503	 15	 26	000	54
인천	20120504	 14	 21	000	60
인천	20120505	 12	 21	000	58
인천	20120506	 13	 21	000	49
인천	20120507	 12	 21	000	54
인천	20120508	 14	 26	000	46
인천	20120509	 13	 22	000	67
인천	20120510	 14	 24	000	61
인천	20120511	 13	 20	000	69
인천	20120512	 15	 20	000	64
인천	20120513	 14	 21	000	66
인천	20120514	 16	 17	012	87
인천	20120515	 12	 17	000	88
인천	20120516	 13	 19	000	77
인천	20120517	 13	 20	002	72
인천	20120518	 12	 21	000	66
인천	20120519	 13	 22	000	47
인천	20120520	 14	 24	000	52
인천	20120521	 16	 27	000	40
인천	20120522	 18	 27	000	42
인천	20120523	 16	 24	000	53
인천	20120524	 16	 22	000	71
인천	20120525	 15	 23	000	70
인천	20120526	 13	 25	000	63
인천	20120527	 16	 22	001	75
인천	20120528	 17	 22	001	74
인천	20120529	 17	 22	000	58
인천	20120530	 18	 25	000	51
인천	20120531	 17	 24	000	66
인천	20120601	 15	 24	000	71
인천	20120602	 18	 26	000	66
인천	20120603	 16	 26	000	52
인천	20120604	 17	 27	000	56
인천	20120605	 19	 25	000	86
인천	20120606	 18	 26	000	89
인천	20120607	 17	 26	000	87
인천	20120608	 17	 24	000	90
인천	20120609	 18	 26	000	80
인천	20120610	 19	 25	000	81
인천	20120611	 19	 26	000	85
인천	20120612	 19	 27	000	75
인천	20120613	 19	 27	000	71
인천	20120614	 20	 31	000	70
인천	20120615	 21	 29	000	65
인천	20120616	 19	 26	000	82
인천	20120617	 18	 27	000	78
인천	20120618	 20	 28	000	74
인천	20120619	 20	 34	000	61
인천	20120620	 21	 29	000	73
인천	20120621	 21	 28	000	81
인천	20120622	 19	 26	000	90
인천	20120623	 20	 29	000	80
인천	20120624	 22	 33	000	65
인천	20120625	 23	 32	000	52
인천	20120626	 21	 31	000	54
인천	20120627	 20	 30	000	58
인천	20120628	 21	 28	000	67
인천	20120629	 22	 28	027	83
인천	20120630	 20	 23	064	99
인천	20120701	 19	 24	000	96
인천	20120702	 21	 26	000	86
인천	20120703	 20	 25	001	93
인천	20120704	 22	 24	000	100
인천	20120705	 22	 23	063	100
인천	20120706	 21	 22	138	97
인천	20120707	 20	 30	000	74
인천	20120708	 21	 28	000	86
인천	20120709	 21	 29	000	82
인천	20120710	 21	 28	010	86
인천	20120711	 21	 25	013	98
인천	20120712	 20	 27	001	91
인천	20120713	 23	 29	016	92
인천	20120714	 22	 25	006	94
인천	20120715	 19	 22	036	99
인천	20120716	 19	 25	000	92
인천	20120717	 22	 28	000	89
인천	20120718	 25	 28	007	90
인천	20120719	 22	 26	125	99
인천	20120720	 22	 28	000	90
인천	20120721	 23	 30	000	85
인천	20120722	 24	 30	006	91
인천	20120723	 26	 29	000	92
인천	20120724	 25	 30	000	94
인천	20120725	 24	 30	000	88
인천	20120726	 23	 30	000	88
인천	20120727	 24	 30	000	90
인천	20120728	 25	 31	000	90
인천	20120729	 26	 31	000	89
인천	20120730	 24	 30	003	93
인천	20120731	 25	 31	000	89
인천	20120801	 26	 35	000	77
인천	20120802	 27	 35	000	63
인천	20120803	 28	 34	000	67
인천	20120804	 28	 34	000	72
인천	20120805	 27	 35	000	76
인천	20120806	 26	 35	000	72
인천	20120807	 27	 34	009	72
인천	20120808	 26	 32	000	73
인천	20120809	 26	 31	000	88
인천	20120810	 25	 28	000	88
인천	20120811	 24	 30	000	80
인천	20120812	 23	 27	019	93
인천	20120813	 23	 31	000	82
인천	20120814	 24	 31	024	80
인천	20120815	 22	 27	113	99
인천	20120816	 22	 28	000	86
인천	20120817	 24	 31	000	92
인천	20120818	 26	 29	003	97
인천	20120819	 26	 30	005	95
인천	20120820	 24	 26	051	100
인천	20120821	 24	 27	057	98
인천	20120822	 20	 24	020	90
인천	20120823	 20	 27	000	82
인천	20120824	 21	 27	010	83
인천	20120825	 23	 29	010	95
인천	20120826	 24	 31	000	89
인천	20120827	 25	 32	000	70
인천	20120828	 22	 29	008	82
인천	20120829	 22	 27	001	92
인천	20120830	 20	 25	035	97
인천	20120831	 18	 28	000	87
인천	20120901	 23	 28	000	92
인천	20120902	 21	 29	000	82
인천	20120903	 22	 29	000	85
인천	20120904	 20	 24	049	99
인천	20120905	 19	 25	001	73
인천	20120906	 18	 27	000	69
인천	20120907	 18	 27	001	75
인천	20120908	 18	 22	028	86
인천	20120909	 18	 26	000	82
인천	20120910	 18	 26	000	78
인천	20120911	 19	 27	000	71
인천	20120912	 21	 25	000	81
인천	20120913	 20	 22	012	98
인천	20120914	 17	 21	001	76
인천	20120915	 17	 25	000	70
인천	20120916	 18	 22	002	76
인천	20120917	 16	 20	058	96
인천	20120918	 20	 24	000	79
인천	20120919	 19	 24	000	74
인천	20120920	 17	 25	000	81
인천	20120921	 18	 24	000	85
인천	20120922	 17	 25	000	79
인천	20120923	 17	 27	000	77
인천	20120924	 17	 26	000	79
인천	20120925	 17	 28	000	67
인천	20120926	 18	 24	000	72
인천	20120927	 18	 23	000	73
인천	20120928	 17	 22	010	82
인천	20120929	 14	 20	000	67
인천	20120930	 12	 21	000	77
인천	20121001	 14	 23	000	78
인천	20121002	 15	 24	000	81
인천	20121003	 16	 25	000	82
인천	20121004	 16	 24	000	80
인천	20121005	 16	 22	000	80
인천	20121006	 16	 24	000	65
인천	20121007	 14	 25	000	71
인천	20121008	 15	 23	000	64
인천	20121009	 14	 22	000	71
인천	20121010	 14	 21	004	81
인천	20121011	 10	 20	000	53
인천	20121012	 10	 21	000	66
인천	20121013	 13	 22	000	68
인천	20121014	 12	 21	000	57
인천	20121015	 09	 21	000	47
인천	20121016	 12	 24	000	65
인천	20121017	 08	 18	002	68
인천	20121018	 06	 17	000	58
인천	20121019	 12	 20	000	58
인천	20121020	 12	 20	000	84
인천	20121021	 16	 22	000	91
인천	20121022	 09	 18	032	86
인천	20121023	 05	 14	000	64
인천	20121024	 11	 18	000	78
인천	20121025	 12	 20	000	86
인천	20121026	 13	 21	000	80
인천	20121027	 13	 17	038	92
인천	20121028	 11	 17	000	78
인천	20121029	 08	 15	000	70
인천	20121030	 05	 12	000	67
인천	20121031	 04	 12	002	68
인천	20121101	 04	 10	000	50
인천	20121102	 02	 12	000	55
인천	20121103	 04	 15	000	58
인천	20121104	 10	 14	005	72
인천	20121105	 08	 11	019	93
인천	20121106	 06	 09	009	90
인천	20121107	 06	 12	000	77
인천	20121108	 08	 14	000	85
인천	20121109	 04	 14	000	82
인천	20121110	 10	 15	000	60
인천	20121111	 06	 13	035	82
인천	20121112	 07	 10	002	76
인천	20121113	 02	 09	000	69
인천	20121114	 01	 06	000	68
인천	20121115	 00	 10	000	66
인천	20121116	 03	 08	012	86
인천	20121117	 02	 08	002	73
인천	20121118	 00	 09	000	61
인천	20121119	 01	 09	007	76
인천	20121120	-01	 08	000	64
인천	20121121	 01	 08	000	76
인천	20121122	 04	 10	000	81
인천	20121123	 00	 06	000	72
인천	20121124	-01	 06	000	60
인천	20121125	 01	 08	002	71
인천	20121126	 00	 05	001	66
인천	20121127	-02	 07	000	52
인천	20121128	 01	 11	000	71
인천	20121129	-02	 06	000	48
인천	20121130	-03	 08	001	64
인천	20121201	-06	 03	000	63
인천	20121202	 00	 05	000	70
인천	20121203	-01	 07	007	74
인천	20121204	-05	 01	000	61
인천	20121205	-06	 01	009	79
인천	20121206	-09	-03	002	70
인천	20121207	-05	-01	002	86
인천	20121208	-11	-05	000	59
인천	20121209	-13	-06	000	65
인천	20121210	-11	-03	000	64
인천	20121211	-10	-02	000	72
인천	20121212	-08	-01	000	71
인천	20121213	-05	 05	000	72
인천	20121214	 01	 05	021	91
인천	20121215	 02	 08	000	88
인천	20121216	-01	 06	000	89
인천	20121217	-04	 02	000	78
인천	20121218	-09	-04	000	65
인천	20121219	-10	-04	000	60
인천	20121220	-08	 01	000	62
인천	20121221	-02	 00	003	85
인천	20121222	-05	-01	000	78
인천	20121223	-12	-05	000	71
인천	20121224	-13	-05	001	69
인천	20121225	-13	-03	001	65
인천	20121226	-14	-07	000	51
인천	20121227	-12	-01	000	64
인천	20121228	-04	 03	000	76
인천	20121229	-02	 01	005	98
인천	20121230	-10	-02	000	66
인천	20121231	-11	-05	000	66
인천	20130101	-07	 00	003	88
인천	20130102	-14	-06	000	62
인천	20130103	-15	-09	000	59
인천	20130104	-14	-06	000	62
인천	20130105	-11	-01	000	75
인천	20130106	-09	-02	000	76
인천	20130107	-09	-02	000	65
인천	20130108	-07	-01	000	66
인천	20130109	-10	-06	000	55
인천	20130110	-12	-04	000	55
인천	20130111	-07	 02	000	65
인천	20130112	-02	 04	002	85
인천	20130113	-03	 02	000	88
인천	20130114	-05	 02	000	73
인천	20130115	-06	 01	000	74
인천	20130116	-06	 00	001	83
인천	20130117	-08	-03	000	74
인천	20130118	-09	 01	000	68
인천	20130119	-02	 05	000	78
인천	20130120	-02	 05	000	70
인천	20130121	 02	 05	019	96
인천	20130122	 02	 05	000	91
인천	20130123	 00	 03	002	93
인천	20130124	-06	 02	000	74
인천	20130125	-10	-06	000	61
인천	20130126	-11	-06	000	54
인천	20130127	-11	-04	000	64
인천	20130128	-09	 02	000	70
인천	20130129	 00	 06	000	83
인천	20130130	 05	 09	000	81
인천	20130131	 04	 14	000	67
인천	20130201	 02	 10	045	97
인천	20130202	-04	 02	000	67
인천	20130203	-06	-01	007	77
인천	20130204	-04	 01	007	88
인천	20130205	-05	 02	007	91
인천	20130206	-03	 00	002	85
인천	20130207	-13	-01	000	59
인천	20130208	-16	-08	000	59
인천	20130209	-12	-02	000	72
인천	20130210	-08	-01	001	77
인천	20130211	-11	-03	000	61
인천	20130212	-06	-02	000	78
인천	20130213	-06	 03	000	79
인천	20130214	-02	 05	000	78
인천	20130215	-05	 01	000	62
인천	20130216	-07	 01	000	58
인천	20130217	-02	 06	000	61
인천	20130218	-03	 02	000	64
인천	20130219	-07	 00	000	45
인천	20130220	-08	-01	000	50
인천	20130221	-05	 02	000	78
인천	20130222	-03	 04	000	70
인천	20130223	-04	 03	000	61
인천	20130224	-02	 05	000	67
인천	20130225	-01	 08	000	56
인천	20130226	 03	 07	000	76
인천	20130227	 00	 06	000	97
인천	20130228	-01	 13	000	72
인천	20130301	-02	 07	001	70
인천	20130302	-04	 03	000	59
인천	20130303	-03	 04	000	71
인천	20130304	 00	 08	000	74
인천	20130305	-01	 07	000	75
인천	20130306	 01	 14	000	63
인천	20130307	 02	 11	000	94
인천	20130308	 02	 11	000	87
인천	20130309	 05	 20	000	66
인천	20130310	-02	 06	000	51
인천	20130311	-04	 09	000	59
인천	20130312	 01	 11	005	79
인천	20130313	 01	 08	016	73
인천	20130314	 00	 08	000	66
인천	20130315	 00	 08	000	71
인천	20130316	 02	 10	000	83
인천	20130317	 03	 12	008	82
인천	20130318	 04	 10	001	92
인천	20130319	 03	 09	000	83
인천	20130320	-02	 06	000	69
인천	20130321	-04	 05	000	54
인천	20130322	 01	 07	000	76
인천	20130323	-01	 09	000	54
인천	20130324	 02	 08	000	69
인천	20130325	 00	 06	000	55
인천	20130326	-01	 07	000	60
인천	20130327	 01	 12	000	61
인천	20130328	 04	 11	000	67
인천	20130329	 01	 09	000	50
인천	20130330	 02	 09	000	60
인천	20130331	 01	 10	000	64
인천	20130401	 04	 13	000	61
인천	20130402	 06	 10	005	91
인천	20130403	 04	 10	000	82
인천	20130404	 05	 17	000	61
인천	20130405	 09	 16	000	65
인천	20130406	 03	 11	010	96
인천	20130407	 02	 08	001	70
인천	20130408	 03	 11	000	72
인천	20130409	 04	 09	000	67
인천	20130410	 04	 08	000	66
인천	20130411	 04	 09	000	63
인천	20130412	 04	 11	000	67
인천	20130413	 04	 15	000	59
인천	20130414	 04	 11	003	57
인천	20130415	 03	 11	000	48
인천	20130416	 09	 16	000	75
인천	20130417	 08	 20	000	76
인천	20130418	 08	 14	000	60
인천	20130419	 05	 12	000	44
인천	20130420	 04	 09	009	90
인천	20130421	 04	 13	000	80
인천	20130422	 06	 14	000	66
인천	20130423	 09	 14	005	77
인천	20130424	 06	 14	000	86
인천	20130425	 07	 12	005	97
인천	20130426	 07	 14	000	72
인천	20130427	 08	 15	000	67
인천	20130428	 11	 20	000	67
인천	20130429	 08	 17	015	92
인천	20130430	 07	 15	000	74
인천	20130501	 09	 16	000	70
인천	20130502	 09	 16	000	82
인천	20130503	 09	 15	000	84
인천	20130504	 08	 15	000	87
인천	20130505	 08	 16	000	85
인천	20130506	 07	 15	000	80
인천	20130507	 11	 23	000	58
인천	20130508	 11	 23	000	59
인천	20130509	 12	 20	006	81
인천	20130510	 10	 16	018	99
인천	20130511	 11	 20	000	84
인천	20130512	 15	 19	000	81
인천	20130513	 16	 23	000	64
인천	20130514	 16	 23	000	69
인천	20130515	 13	 21	000	83
인천	20130516	 16	 27	000	42
인천	20130517	 15	 23	000	56
인천	20130518	 13	 19	018	86
인천	20130519	 12	 19	021	95
인천	20130520	 10	 15	000	99
인천	20130521	 10	 21	000	58
인천	20130522	 14	 22	000	70
인천	20130523	 13	 24	000	87
인천	20130524	 11	 22	000	89
인천	20130525	 15	 27	000	73
인천	20130526	 18	 27	000	70
인천	20130527	 18	 22	052	91
인천	20130528	 15	 21	007	98
인천	20130529	 13	 16	003	99
인천	20130530	 13	 20	000	80
인천	20130531	 14	 25	000	66
인천	20130601	 16	 25	000	71
인천	20130602	 15	 25	000	84
인천	20130603	 14	 21	000	92
인천	20130604	 16	 25	000	79
인천	20130605	 18	 27	000	73
인천	20130606	 19	 27	000	80
인천	20130607	 18	 28	000	74
인천	20130608	 18	 28	000	74
인천	20130609	 21	 30	000	60
인천	20130610	 21	 30	000	60
인천	20130611	 18	 26	006	72
인천	20130612	 18	 22	008	96
인천	20130613	 17	 25	000	88
인천	20130614	 19	 27	000	82
인천	20130615	 20	 25	000	80
인천	20130616	 18	 25	000	87
인천	20130617	 19	 23	000	96
인천	20130618	 21	 22	021	99
인천	20130619	 20	 26	000	93
인천	20130620	 19	 28	000	80
인천	20130621	 20	 28	000	81
인천	20130622	 20	 26	000	87
인천	20130623	 19	 23	000	91
인천	20130624	 19	 25	000	88
인천	20130625	 20	 27	000	84
인천	20130626	 20	 27	000	83
인천	20130627	 20	 28	000	88
인천	20130628	 21	 28	002	81
인천	20130629	 22	 29	000	78
인천	20130630	 22	 30	000	76
인천	20130701	 21	 29	000	81
인천	20130702	 20	 26	049	97
인천	20130703	 19	 27	000	92
인천	20130704	 21	 25	002	99
인천	20130705	 21	 28	000	92
인천	20130706	 20	 26	000	95
인천	20130707	 21	 27	002	96
인천	20130708	 22	 25	067	99
인천	20130709	 22	 25	002	99
인천	20130710	 23	 25	000	98
인천	20130711	 23	 24	008	99
인천	20130712	 22	 23	030	99
인천	20130713	 22	 25	148	99
인천	20130714	 22	 24	010	99
인천	20130715	 24	 28	001	94
인천	20130716	 24	 27	005	89
인천	20130717	 22	 25	005	99
인천	20130718	 23	 27	005	96
인천	20130719	 24	 29	000	89
인천	20130720	 25	 28	002	92
인천	20130721	 24	 27	000	98
인천	20130722	 24	 28	038	96
인천	20130723	 24	 25	036	99
인천	20130724	 22	 26	017	97
인천	20130725	 22	 28	000	94
인천	20130726	 22	 28	000	94
인천	20130727	 22	 27	001	91
인천	20130728	 23	 27	008	98
인천	20130729	 23	 26	000	99
인천	20130730	 23	 28	000	90
인천	20130731	 24	 27	011	94
인천	20130801	 24	 31	000	84
인천	20130802	 26	 31	001	91
인천	20130803	 26	 30	000	93
인천	20130804	 26	 30	000	96
인천	20130805	 26	 29	011	96
인천	20130806	 22	 27	035	97
인천	20130807	 25	 32	000	93
인천	20130808	 26	 31	000	94
인천	20130809	 27	 29	000	99
인천	20130810	 25	 29	002	97
인천	20130811	 25	 32	000	91
인천	20130812	 26	 31	000	91
인천	20130813	 26	 31	000	90
인천	20130814	 26	 31	000	89
인천	20130815	 26	 31	002	95
인천	20130816	 26	 30	001	92
인천	20130817	 26	 30	000	92
인천	20130818	 27	 30	000	96
인천	20130819	 25	 30	000	87
인천	20130820	 24	 31	000	86
인천	20130821	 25	 32	000	75
인천	20130822	 26	 32	000	71
인천	20130823	 23	 27	043	96
인천	20130824	 23	 30	000	81
인천	20130825	 22	 31	000	76
인천	20130826	 24	 30	000	72
인천	20130827	 23	 28	000	79
인천	20130828	 23	 29	000	84
인천	20130829	 23	 26	027	97
인천	20130830	 22	 26	000	86
인천	20130831	 21	 27	000	83
인천	20130901	 19	 27	000	67
인천	20130902	 18	 26	000	67
인천	20130903	 17	 26	000	61
인천	20130904	 16	 26	000	67
인천	20130905	 19	 24	000	68
인천	20130906	 19	 23	000	76
인천	20130907	 17	 28	000	79
인천	20130908	 20	 27	000	82
인천	20130909	 21	 26	000	88
인천	20130910	 18	 24	014	91
인천	20130911	 18	 22	045	99
인천	20130912	 20	 25	000	94
인천	20130913	 20	 24	102	99
인천	20130914	 21	 25	011	94
인천	20130915	 20	 27	000	78
인천	20130916	 16	 25	000	65
인천	20130917	 19	 28	000	77
인천	20130918	 19	 29	000	73
인천	20130919	 22	 29	000	77
인천	20130920	 21	 27	000	90
인천	20130921	 21	 27	000	90
인천	20130922	 21	 27	000	67
인천	20130923	 19	 27	000	70
인천	20130924	 20	 24	004	96
인천	20130925	 16	 22	000	69
인천	20130926	 13	 21	000	51
인천	20130927	 13	 23	000	63
인천	20130928	 15	 21	006	81
인천	20130929	 15	 19	018	97
인천	20130930	 17	 24	004	91
인천	20131001	 16	 25	000	84
인천	20131002	 15	 21	000	75
인천	20131003	 12	 20	000	63
인천	20131004	 12	 22	000	61
인천	20131005	 15	 26	000	58
인천	20131006	 18	 26	000	65
인천	20131007	 20	 26	000	80
인천	20131008	 17	 21	004	98
인천	20131009	 15	 24	000	86
인천	20131010	 17	 25	000	88
인천	20131011	 16	 20	000	69
인천	20131012	 14	 21	000	66
인천	20131013	 14	 22	000	73
인천	20131014	 14	 23	000	80
인천	20131015	 09	 16	001	86
인천	20131016	 08	 15	000	67
인천	20131017	 08	 18	000	66
인천	20131018	 10	 19	000	66
인천	20131019	 12	 20	000	68
인천	20131020	 12	 21	000	79
인천	20131021	 11	 20	000	67
인천	20131022	 12	 20	000	59
인천	20131023	 13	 21	000	62
인천	20131024	 08	 17	000	67
인천	20131025	 06	 14	000	58
인천	20131026	 05	 14	000	66
인천	20131027	 08	 17	000	68
인천	20131028	 09	 16	000	78
인천	20131029	 11	 16	000	86
인천	20131030	 07	 14	000	75
인천	20131031	 07	 16	000	76
인천	20131101	 09	 20	000	72
인천	20131102	 09	 14	009	94
인천	20131103	 09	 16	000	92
인천	20131104	 10	 16	000	83
인천	20131105	 09	 17	000	77
인천	20131106	 11	 15	001	94
인천	20131107	 08	 15	000	68
인천	20131108	 06	 14	000	56
인천	20131109	 09	 16	007	74
인천	20131110	 03	 10	000	56
인천	20131111	 01	 06	000	48
인천	20131112	 00	 08	000	54
인천	20131113	 01	 09	000	54
인천	20131114	 04	 10	000	70
인천	20131115	 06	 13	004	92
인천	20131116	 04	 13	003	73
인천	20131117	 02	 08	000	68
인천	20131118	-01	 04	000	69
인천	20131119	-01	 04	000	69
인천	20131120	 00	 05	000	55
인천	20131121	 01	 06	000	66
인천	20131122	 02	 10	000	70
인천	20131123	 05	 12	000	80
인천	20131124	 06	 11	011	87
인천	20131125	 01	 11	008	79
인천	20131126	-01	 07	001	76
인천	20131127	-04	 06	001	75
인천	20131128	-05	-02	000	68
인천	20131129	-04	 05	000	71
인천	20131130	 01	 11	000	79
인천	20131201	 02	 08	000	78
인천	20131202	 02	 08	000	77
인천	20131203	 06	 10	000	79
인천	20131204	 03	 08	000	94
인천	20131205	 02	 09	000	93
인천	20131206	 00	 06	000	61
인천	20131207	 04	 10	000	78
인천	20131208	 04	 10	000	89
인천	20131209	 02	 06	012	90
인천	20131210	-01	 03	000	69
인천	20131211	-03	 03	001	78
인천	20131212	-04	 05	005	78
인천	20131213	-07	-04	000	64
인천	20131214	-07	-01	003	76
인천	20131215	-06	 00	000	57
인천	20131216	-07	-01	000	71
인천	20131217	-05	 02	000	70
인천	20131218	-01	 05	000	83
인천	20131219	-06	 00	001	79
인천	20131220	-07	 00	000	76
인천	20131221	-05	 00	000	71
인천	20131222	-04	 02	000	73
인천	20131223	-02	 01	000	71
인천	20131224	-05	 03	000	72
인천	20131225	-03	 03	000	81
인천	20131226	-04	 03	001	84
인천	20131227	-08	-04	000	61
인천	20131228	-08	-03	000	61
인천	20131229	-07	 02	001	71
인천	20131230	 02	 06	000	66
인천	20131231	 03	 08	000	75
인천	20140101	 02	 07	000	69
인천	20140102	 00	 06	000	50
인천	20140103	 00	 07	000	69
인천	20140104	-03	 03	000	58
인천	20140105	-04	 03	000	59
인천	20140106	-02	 05	000	65
인천	20140107	 01	 05	000	71
인천	20140108	-06	 04	000	70
인천	20140109	-10	-05	000	42
인천	20140110	-08	 00	000	67
인천	20140111	-04	 01	000	56
인천	20140112	-07	 02	000	58
인천	20140113	-09	-03	000	41
인천	20140114	-08	 00	000	55
인천	20140115	-06	 02	000	56
인천	20140116	-03	 04	000	80
인천	20140117	-02	 03	000	74
인천	20140118	-04	 01	000	61
인천	20140119	-06	 01	000	64
인천	20140120	-04	 03	004	92
인천	20140121	-07	-03	000	76
인천	20140122	-08	 01	000	74
인천	20140123	-03	 05	000	77
인천	20140124	 01	 08	000	76
인천	20140125	-01	 08	002	86
인천	20140126	-05	 01	000	56
인천	20140127	-05	 04	000	73
인천	20140128	-03	 03	001	69
인천	20140129	-05	 07	000	61
인천	20140130	-01	 06	001	80
인천	20140131	-04	 05	000	45
인천	20140201	 02	 06	014	81
인천	20140202	 02	 06	000	99
인천	20140203	-07	 02	000	46
인천	20140204	-09	-05	000	38
인천	20140205	-08	-02	000	42
인천	20140206	-05	 02	000	47
인천	20140207	-03	 07	000	63
인천	20140208	-01	 02	003	92
인천	20140209	-04	 00	000	85
인천	20140210	-04	 03	000	72
인천	20140211	-03	 05	000	56
인천	20140212	-02	 04	000	69
인천	20140213	-02	 05	000	66
인천	20140214	 00	 07	000	66
인천	20140215	-01	 07	000	75
인천	20140216	-01	 07	000	75
인천	20140217	 01	 07	000	62
인천	20140218	 00	 05	000	64
인천	20140219	-01	 06	000	66
인천	20140220	-01	 04	000	76
인천	20140221	-03	 05	000	62
인천	20140222	-01	 06	000	75
인천	20140223	-01	 07	000	71
인천	20140224	 00	 08	000	78
인천	20140225	 00	 08	000	88
인천	20140226	 01	 13	000	67
인천	20140227	 03	 12	000	78
인천	20140228	 01	 09	000	82
인천	20140301	 02	 08	000	83
인천	20140302	 01	 08	000	62
인천	20140303	 00	 10	000	53
인천	20140304	 02	 10	000	65
인천	20140305	-01	 04	000	48
인천	20140306	-02	 04	000	49
인천	20140307	-03	 04	000	52
인천	20140308	 00	 06	000	67
인천	20140309	 00	 04	006	63
인천	20140310	-02	 05	000	61
인천	20140311	 00	 08	000	81
인천	20140312	 04	 09	001	88
인천	20140313	 02	 07	000	65
인천	20140314	 00	 07	000	69
인천	20140315	 02	 11	000	81
인천	20140316	 07	 14	000	85
인천	20140317	 09	 18	000	89
인천	20140318	 06	 13	000	87
인천	20140319	 05	 12	000	76
인천	20140320	 03	 10	000	76
인천	20140321	 03	 11	000	57
인천	20140322	 03	 13	000	85
인천	20140323	 05	 13	000	79
인천	20140324	 06	 14	000	70
인천	20140325	 10	 16	000	93
인천	20140326	 08	 18	000	84
인천	20140327	 06	 14	000	87
인천	20140328	 08	 22	000	73
인천	20140329	 12	 17	002	81
인천	20140330	 10	 18	000	72
인천	20140331	 08	 17	000	67
인천	20140401	 10	 20	000	47
인천	20140402	 09	 20	000	47
인천	20140403	 04	 11	001	81
인천	20140404	 03	 09	000	63
인천	20140405	 04	 09	000	63
인천	20140406	 04	 10	000	63
인천	20140407	 06	 13	000	80
인천	20140408	 06	 15	000	84
인천	20140409	 06	 11	000	98
인천	20140410	 07	 15	000	92
인천	20140411	 08	 14	000	90
인천	20140412	 10	 14	000	89
인천	20140413	 11	 19	000	75
인천	20140414	 10	 19	000	76
인천	20140415	 06	 12	000	98
인천	20140416	 07	 18	000	94
인천	20140417	 06	 19	002	80
인천	20140418	 11	 20	000	71
인천	20140419	 11	 19	000	64
인천	20140420	 10	 18	000	64
인천	20140421	 09	 18	000	78
인천	20140422	 09	 20	000	61
인천	20140423	 11	 20	000	73
인천	20140424	 11	 23	000	67
인천	20140425	 12	 23	000	52
인천	20140426	 13	 22	000	55
인천	20140427	 13	 17	011	94
인천	20140428	 13	 14	021	98
인천	20140429	 12	 18	009	81
인천	20140430	 11	 21	000	69
인천	20140501	 10	 18	000	84
인천	20140502	 10	 23	002	82
인천	20140503	 08	 15	000	73
인천	20140504	 09	 17	000	73
인천	20140505	 07	 13	000	69
인천	20140506	 08	 16	000	60
인천	20140507	 10	 20	003	61
인천	20140508	 11	 17	002	93
인천	20140509	 11	 21	000	68
인천	20140510	 13	 24	000	50
인천	20140511	 15	 22	032	58
인천	20140512	 13	 17	015	95
인천	20140513	 12	 21	000	87
인천	20140514	 15	 23	000	74
인천	20140515	 13	 19	000	84
인천	20140516	 13	 22	000	66
인천	20140517	 14	 24	000	77
인천	20140518	 14	 23	000	75
인천	20140519	 13	 21	000	88
인천	20140520	 16	 26	000	64
인천	20140521	 13	 22	000	87
인천	20140522	 12	 23	000	88
인천	20140523	 15	 21	000	94
인천	20140524	 15	 23	000	86
인천	20140525	 17	 23	019	90
인천	20140526	 15	 21	000	85
인천	20140527	 17	 25	000	69
인천	20140528	 17	 26	000	79
인천	20140529	 15	 26	000	77
인천	20140530	 18	 29	000	52
인천	20140531	 19	 28	000	74
인천	20140601	 19	 26	000	80
인천	20140602	 19	 23	003	90
인천	20140603	 17	 20	026	98
인천	20140604	 19	 26	000	71
인천	20140605	 20	 26	000	68
인천	20140606	 19	 28	000	75
인천	20140607	 18	 25	000	80
인천	20140608	 18	 23	000	93
인천	20140609	 17	 25	000	88
인천	20140610	 18	 26	014	89
인천	20140611	 18	 26	020	89
인천	20140612	 18	 25	000	87
인천	20140613	 17	 23	000	97
인천	20140614	 17	 24	000	89
인천	20140615	 19	 24	000	89
인천	20140616	 19	 26	000	86
인천	20140617	 21	 27	000	90
인천	20140618	 20	 27	000	92
인천	20140619	 19	 23	000	98
인천	20140620	 20	 27	000	90
인천	20140621	 21	 27	000	87
인천	20140622	 21	 28	000	82
인천	20140623	 19	 24	000	95
인천	20140624	 19	 25	000	92
인천	20140625	 20	 27	000	88
인천	20140626	 21	 28	000	86
인천	20140627	 21	 26	000	90
인천	20140628	 21	 26	000	92
인천	20140629	 20	 28	000	87
인천	20140630	 21	 28	000	91
인천	20140701	 21	 29	000	87
인천	20140702	 22	 29	009	92
인천	20140703	 20	 23	058	98
인천	20140704	 21	 30	000	79
인천	20140705	 22	 26	000	89
인천	20140706	 22	 29	000	76
인천	20140707	 21	 30	000	82
인천	20140708	 23	 28	001	90
인천	20140709	 24	 33	018	93
인천	20140710	 24	 32	000	79
인천	20140711	 22	 28	000	91
인천	20140712	 22	 27	000	97
인천	20140713	 22	 26	000	96
인천	20140714	 22	 28	000	93
인천	20140715	 23	 29	000	90
인천	20140716	 23	 29	000	90
인천	20140717	 23	 27	000	95
인천	20140718	 22	 29	003	95
인천	20140719	 23	 29	000	96
인천	20140720	 24	 29	000	95
인천	20140721	 24	 29	000	94
인천	20140722	 24	 27	011	98
인천	20140723	 22	 24	033	99
인천	20140724	 19	 24	066	98
인천	20140725	 23	 32	027	90
인천	20140726	 21	 26	001	97
인천	20140727	 21	 28	000	92
인천	20140728	 22	 29	000	91
인천	20140729	 22	 29	000	89
인천	20140730	 24	 31	000	92
인천	20140731	 26	 33	001	89
인천	20140801	 26	 34	000	72
인천	20140802	 28	 35	000	67
인천	20140803	 24	 30	012	95
인천	20140804	 24	 29	002	99
인천	20140805	 24	 28	000	99
인천	20140806	 21	 25	011	99
인천	20140807	 22	 25	000	99
인천	20140808	 22	 30	000	73
인천	20140809	 21	 31	000	60
인천	20140810	 20	 26	036	91
인천	20140811	 19	 27	000	93
인천	20140812	 22	 28	000	96
인천	20140813	 22	 25	000	96
인천	20140814	 21	 24	001	95
인천	20140815	 20	 28	000	94
인천	20140816	 22	 29	000	89
인천	20140817	 23	 24	003	96
인천	20140818	 21	 24	012	98
인천	20140819	 20	 25	002	99
인천	20140820	 22	 28	000	96
인천	20140821	 22	 26	035	99
인천	20140822	 22	 27	005	99
인천	20140823	 23	 27	000	96
인천	20140824	 21	 28	000	97
인천	20140825	 24	 28	000	86
인천	20140826	 23	 29	000	86
인천	20140827	 21	 28	000	86
인천	20140828	 21	 29	000	85
인천	20140829	 22	 28	004	92
인천	20140830	 21	 28	000	90
인천	20140831	 21	 27	000	84
인천	20140901	 21	 29	000	90
인천	20140902	 19	 27	004	86
인천	20140903	 17	 21	070	99
인천	20140904	 19	 25	000	94
인천	20140905	 21	 27	000	96
인천	20140906	 22	 28	000	87
인천	20140907	 21	 28	000	95
인천	20140908	 22	 28	000	92
인천	20140909	 20	 26	000	75
인천	20140910	 18	 27	000	67
인천	20140911	 18	 28	000	81
인천	20140912	 20	 25	000	87
인천	20140913	 20	 28	000	82
인천	20140914	 19	 27	000	78
인천	20140915	 20	 27	000	83
인천	20140916	 17	 25	000	60
인천	20140917	 18	 23	000	67
인천	20140918	 16	 25	000	78
인천	20140919	 17	 26	000	74
인천	20140920	 17	 26	000	77
인천	20140921	 18	 24	000	80
인천	20140922	 17	 27	000	69
인천	20140923	 19	 28	000	62
인천	20140924	 19	 24	002	87
인천	20140925	 19	 26	000	88
인천	20140926	 19	 24	003	93
인천	20140927	 18	 24	000	99
인천	20140928	 20	 23	001	97
인천	20140929	 19	 21	014	99
인천	20140930	 15	 23	000	84
인천	20141001	 16	 24	000	88
인천	20141002	 17	 20	016	98
인천	20141003	 14	 19	000	82
인천	20141004	 12	 23	000	71
인천	20141005	 14	 22	000	63
인천	20141006	 12	 21	000	74
인천	20141007	 13	 21	000	80
인천	20141008	 12	 21	000	81
인천	20141009	 14	 23	000	81
인천	20141010	 14	 26	000	74
인천	20141011	 15	 25	000	65
인천	20141012	 15	 28	000	63
인천	20141013	 12	 22	000	66
인천	20141014	 09	 18	000	64
인천	20141015	 11	 18	000	75
인천	20141016	 12	 17	005	63
인천	20141017	 10	 19	000	64
인천	20141018	 12	 20	000	84
인천	20141019	 13	 23	000	77
인천	20141020	 13	 17	020	99
인천	20141021	 12	 16	019	99
인천	20141022	 10	 18	000	82
인천	20141023	 09	 19	000	85
인천	20141024	 12	 20	000	94
인천	20141025	 14	 20	000	97
인천	20141026	 11	 19	000	92
인천	20141027	 06	 15	000	45
인천	20141028	 05	 16	000	60
인천	20141029	 08	 19	000	63
인천	20141030	 10	 19	000	58
인천	20141031	 13	 19	000	73
인천	20141101	 14	 20	000	83
인천	20141102	 08	 15	002	62
인천	20141103	 07	 14	000	53
인천	20141104	 08	 17	000	69
인천	20141105	 09	 17	000	83
인천	20141106	 09	 17	000	80
인천	20141107	 06	 14	000	62
인천	20141108	 07	 13	000	71
인천	20141109	 07	 14	000	64
인천	20141110	 06	 15	000	73
인천	20141111	 07	 14	004	86
인천	20141112	 00	 11	002	64
인천	20141113	-02	 04	000	54
인천	20141114	 00	 10	000	66
인천	20141115	 02	 08	000	51
인천	20141116	 04	 11	002	57
인천	20141117	 05	 09	000	84
인천	20141118	 03	 09	000	62
인천	20141119	 02	 11	000	63
인천	20141120	 05	 13	000	74
인천	20141121	 08	 15	000	84
인천	20141122	 08	 12	013	99
인천	20141123	 06	 11	000	97
인천	20141124	 07	 11	000	78
인천	20141125	 06	 14	000	69
인천	20141126	 09	 15	000	77
인천	20141127	 08	 15	000	96
인천	20141128	 07	 11	014	95
인천	20141129	 06	 12	000	98
인천	20141130	 06	 10	008	99
인천	20141201	-06	 08	000	74
인천	20141202	-07	-02	000	64
인천	20141203	-05	-01	002	79
인천	20141204	-07	-01	000	62
인천	20141205	-09	-03	000	62
인천	20141206	-07	-01	000	64
인천	20141207	-07	 00	001	63
인천	20141208	-04	 01	002	67
인천	20141209	-06	 01	000	54
인천	20141210	-02	 05	002	79
인천	20141211	-05	 05	000	74
인천	20141212	-06	 01	000	81
인천	20141213	-06	-02	000	58
인천	20141214	-07	 01	000	75
인천	20141215	-01	 03	010	97
인천	20141216	-08	 04	000	73
인천	20141217	-09	-05	000	54
인천	20141218	-11	-03	000	47
인천	20141219	-06	 02	002	64
인천	20141220	-04	 04	002	78
인천	20141221	-07	-02	001	68
인천	20141222	-08	 00	001	80
인천	20141223	-04	 04	000	84
인천	20141224	-02	 06	000	83
인천	20141225	-04	 01	000	63
인천	20141226	-05	 00	000	53
인천	20141227	-05	 02	000	68
인천	20141228	-02	 03	000	71
인천	20141229	 00	 06	000	90
인천	20141230	 00	 05	000	78
인천	20141231	-06	 01	000	67
인천	20150101	-09	-05	000	57
인천	20150102	-08	-03	000	60
인천	20150103	-08	 02	000	71
인천	20150104	 01	 08	000	91
인천	20150105	 00	 09	001	86
인천	20150106	-06	 03	001	64
인천	20150107	-07	-02	000	46
인천	20150108	-08	 00	000	63
인천	20150109	-05	 03	000	74
인천	20150110	-04	 05	000	74
인천	20150111	-03	 04	000	72
인천	20150112	-06	 01	000	53
인천	20150113	-04	 04	000	61
인천	20150114	-01	 03	000	60
인천	20150115	-01	 07	000	76
인천	20150116	-02	 03	000	86
인천	20150117	-06	-01	000	62
인천	20150118	-05	 03	003	84
인천	20150119	-03	 02	000	84
인천	20150120	-06	 02	000	78
인천	20150121	-02	 06	000	75
인천	20150122	 00	 07	000	78
인천	20150123	-01	 05	000	87
인천	20150124	 02	 08	000	83
인천	20150125	 02	 05	005	93
인천	20150126	 01	 06	001	94
인천	20150127	-06	 01	000	66
인천	20150128	-09	 00	000	63
인천	20150129	-05	 02	000	74
인천	20150130	-06	 00	000	67
인천	20150131	-07	-01	000	59
인천	20150201	-06	 01	000	59
인천	20150202	-05	 04	000	67
인천	20150203	-03	 05	000	82
인천	20150204	-02	 05	000	90
인천	20150205	-03	 04	000	80
인천	20150206	-03	 04	000	77
인천	20150207	-03	 06	000	85
인천	20150208	-11	-03	000	50
인천	20150209	-11	 01	001	70
인천	20150210	 00	 06	000	83
인천	20150211	 00	 06	000	77
인천	20150212	-03	 01	000	53
인천	20150213	-04	 02	000	60
인천	20150214	-01	 07	000	92
인천	20150215	 04	 12	000	75
인천	20150216	 03	 09	012	99
인천	20150217	 01	 03	000	91
인천	20150218	 01	 03	000	85
인천	20150219	-02	 06	000	80
인천	20150220	 00	 10	000	72
인천	20150221	 05	 07	008	88
인천	20150222	 00	 08	002	84
인천	20150223	-02	 05	000	77
인천	20150224	 00	 06	000	78
인천	20150225	 01	 09	001	73
인천	20150226	-03	 05	000	72
인천	20150227	-05	 01	000	51
인천	20150228	-02	 06	000	54
인천	20150301	 01	 05	000	77
인천	20150302	 00	 07	000	71
인천	20150303	-02	 06	006	81
인천	20150304	-03	 01	000	58
인천	20150305	-04	 03	000	59
인천	20150306	-02	 08	000	63
인천	20150307	-02	 08	000	76
인천	20150308	 01	 12	000	71
인천	20150309	-05	 07	000	65
인천	20150310	-06	 00	000	49
인천	20150311	-03	 06	000	61
인천	20150312	-02	 06	000	60
인천	20150313	 02	 09	000	67
인천	20150314	 00	 08	000	54
인천	20150315	 01	 09	000	79
인천	20150316	 02	 16	000	68
인천	20150317	 07	 13	000	77
인천	20150318	 08	 14	001	78
인천	20150319	 06	 16	000	71
인천	20150320	 06	 18	000	63
인천	20150321	 06	 15	000	62
인천	20150322	 03	 13	000	62
인천	20150323	 02	 09	000	41
인천	20150324	 01	 10	000	51
인천	20150325	 01	 11	000	75
인천	20150326	 03	 12	000	84
인천	20150327	 03	 11	000	90
인천	20150328	 03	 14	000	60
인천	20150329	 07	 13	000	95
인천	20150330	 04	 18	000	85
인천	20150331	 09	 15	003	97
인천	20150401	 10	 17	002	76
인천	20150402	 11	 21	009	80
인천	20150403	 06	 12	000	97
인천	20150404	 09	 18	000	67
인천	20150405	 10	 13	001	89
인천	20150406	 07	 13	000	76
인천	20150407	 05	 11	000	71
인천	20150408	 03	 12	000	70
인천	20150409	 05	 13	000	63
인천	20150410	 06	 17	000	60
인천	20150411	 07	 18	000	65
인천	20150412	 08	 20	000	47
인천	20150413	 08	 17	006	65
인천	20150414	 07	 09	010	99
인천	20150415	 07	 14	000	93
인천	20150416	 08	 14	001	81
인천	20150417	 07	 13	000	72
인천	20150418	 07	 21	000	41
인천	20150419	 10	 18	017	93
인천	20150420	 10	 17	005	88
인천	20150421	 08	 17	000	69
인천	20150422	 10	 17	000	73
인천	20150423	 09	 17	000	70
인천	20150424	 10	 20	000	66
인천	20150425	 10	 18	000	47
인천	20150426	 12	 21	000	53
인천	20150427	 13	 21	000	66
인천	20150428	 14	 24	000	61
인천	20150429	 16	 18	002	95
인천	20150430	 16	 25	000	80
인천	20150501	 14	 23	000	87
인천	20150502	 14	 24	000	88
인천	20150503	 14	 20	002	99
인천	20150504	 12	 19	000	58
인천	20150505	 10	 17	000	62
인천	20150506	 11	 19	000	59
인천	20150507	 11	 21	000	74
인천	20150508	 12	 19	000	92
인천	20150509	 12	 19	000	84
인천	20150510	 13	 21	000	64
인천	20150511	 14	 23	020	74
인천	20150512	 10	 16	004	97
인천	20150513	 12	 19	000	83
인천	20150514	 16	 23	000	90
인천	20150515	 14	 22	000	92
인천	20150516	 13	 22	000	65
인천	20150517	 12	 23	000	63
인천	20150518	 14	 20	000	75
인천	20150519	 12	 15	002	99
인천	20150520	 11	 19	000	78
인천	20150521	 14	 22	000	78
인천	20150522	 14	 22	000	79
인천	20150523	 14	 26	000	66
인천	20150524	 15	 24	000	70
인천	20150525	 14	 22	000	88
인천	20150526	 13	 23	000	89
인천	20150527	 12	 28	000	63
인천	20150528	 18	 27	000	55
인천	20150529	 17	 26	000	72
인천	20150530	 16	 21	002	99
인천	20150531	 14	 25	000	81
인천	20150601	 15	 24	000	73
인천	20150602	 18	 25	000	74
인천	20150603	 17	 27	000	54
인천	20150604	 17	 26	000	63
인천	20150605	 17	 22	000	75
인천	20150606	 17	 26	000	68
인천	20150607	 18	 27	000	72
인천	20150608	 18	 25	000	84
인천	20150609	 18	 23	000	97
인천	20150610	 17	 29	000	85
인천	20150611	 20	 27	003	82
인천	20150612	 17	 26	000	87
인천	20150613	 20	 27	001	86
인천	20150614	 18	 25	011	93
인천	20150615	 20	 27	000	91
인천	20150616	 18	 26	000	95
인천	20150617	 19	 27	000	93
인천	20150618	 20	 28	000	82
인천	20150619	 21	 28	000	78
인천	20150620	 18	 21	029	99
인천	20150621	 17	 27	000	89
인천	20150622	 19	 26	000	84
인천	20150623	 19	 27	000	91
인천	20150624	 20	 29	000	85
인천	20150625	 20	 26	002	94
인천	20150626	 18	 24	018	91
인천	20150627	 20	 28	000	80
인천	20150628	 20	 26	000	92
인천	20150629	 20	 27	000	92
인천	20150630	 21	 27	000	91
인천	20150701	 20	 25	000	91
인천	20150702	 20	 26	000	95
인천	20150703	 18	 26	000	87
인천	20150704	 18	 27	000	82
인천	20150705	 19	 27	000	85
인천	20150706	 20	 28	000	84
인천	20150707	 21	 29	000	80
인천	20150708	 22	 26	000	86
인천	20150709	 23	 30	000	82
인천	20150710	 24	 31	000	89
인천	20150711	 26	 32	000	87
인천	20150712	 23	 26	032	99
인천	20150713	 20	 24	013	99
인천	20150714	 21	 27	000	99
인천	20150715	 21	 32	000	84
인천	20150716	 21	 28	000	66
인천	20150717	 19	 30	000	66
인천	20150718	 22	 25	000	90
인천	20150719	 21	 29	005	91
인천	20150720	 24	 29	001	97
인천	20150721	 23	 30	001	97
인천	20150722	 24	 29	000	97
인천	20150723	 24	 29	005	99
인천	20150724	 23	 25	020	99
인천	20150725	 23	 25	033	99
인천	20150726	 23	 27	042	99
인천	20150727	 23	 27	001	99
인천	20150728	 24	 29	000	97
인천	20150729	 24	 28	024	99
인천	20150730	 25	 31	000	97
인천	20150731	 25	 29	000	99
인천	20150801	 25	 29	000	99
인천	20150802	 24	 29	017	99
인천	20150803	 25	 29	001	99
인천	20150804	 25	 29	000	99
인천	20150805	 25	 30	000	97
인천	20150806	 25	 32	000	93
인천	20150807	 25	 33	000	91
인천	20150808	 24	 32	012	97
인천	20150809	 24	 28	000	99
인천	20150810	 24	 30	000	95
인천	20150811	 24	 29	000	98
인천	20150812	 23	 30	000	92
인천	20150813	 22	 29	003	94
인천	20150814	 23	 29	000	93
인천	20150815	 24	 29	000	98
인천	20150816	 22	 31	006	95
인천	20150817	 21	 30	000	87
인천	20150818	 25	 31	000	79
인천	20150819	 25	 30	000	93
인천	20150820	 24	 28	000	97
인천	20150821	 23	 28	002	98
인천	20150822	 23	 28	000	93
인천	20150823	 23	 30	000	93
인천	20150824	 24	 30	000	79
인천	20150825	 20	 25	001	94
인천	20150826	 20	 25	000	88
인천	20150827	 22	 28	000	80
인천	20150828	 21	 29	000	90
인천	20150829	 21	 28	000	88
인천	20150830	 22	 29	000	89
인천	20150831	 22	 29	005	87
인천	20150901	 23	 31	000	79
인천	20150902	 23	 27	003	92
인천	20150903	 21	 27	000	93
인천	20150904	 22	 28	000	90
인천	20150905	 20	 24	009	96
인천	20150906	 19	 26	000	78
인천	20150907	 18	 28	000	64
인천	20150908	 19	 29	000	48
인천	20150909	 17	 28	000	55
인천	20150910	 18	 26	000	82
인천	20150911	 18	 24	002	95
인천	20150912	 17	 23	000	75
인천	20150913	 17	 24	000	70
인천	20150914	 18	 26	000	83
인천	20150915	 19	 28	000	59
인천	20150916	 18	 26	000	56
인천	20150917	 16	 27	000	61
인천	20150918	 16	 27	000	71
인천	20150919	 18	 27	000	82
인천	20150920	 20	 26	000	91
인천	20150921	 19	 27	000	88
인천	20150922	 19	 29	000	73
인천	20150923	 21	 26	000	83
인천	20150924	 18	 28	000	84
인천	20150925	 20	 27	000	88
인천	20150926	 18	 26	000	74
인천	20150927	 16	 27	000	56
인천	20150928	 17	 28	000	61
인천	20150929	 16	 27	000	51
인천	20150930	 20	 25	000	59
인천	20151001	 13	 21	036	88
인천	20151002	 13	 21	000	63
인천	20151003	 14	 23	000	63
인천	20151004	 12	 21	000	54
인천	20151005	 14	 23	000	63
인천	20151006	 15	 23	000	77
인천	20151007	 16	 22	000	93
인천	20151008	 17	 24	000	85
인천	20151009	 14	 19	000	52
인천	20151010	 11	 18	005	80
인천	20151011	 10	 15	003	86
인천	20151012	 11	 18	000	71
인천	20151013	 12	 20	000	83
인천	20151014	 13	 22	000	85
인천	20151015	 14	 23	000	85
인천	20151016	 15	 23	000	87
인천	20151017	 15	 24	000	89
인천	20151018	 14	 22	000	90
인천	20151019	 14	 22	000	92
인천	20151020	 16	 23	000	92
인천	20151021	 16	 22	000	94
인천	20151022	 15	 22	000	86
인천	20151023	 15	 20	000	87
인천	20151024	 14	 20	006	79
인천	20151025	 12	 22	000	71
인천	20151026	 14	 19	006	76
인천	20151027	 10	 15	030	78
인천	20151028	 08	 15	000	58
인천	20151029	 06	 14	001	56
인천	20151030	 04	 10	000	52
인천	20151031	 04	 11	000	51
인천	20151101	 04	 12	000	64
인천	20151102	 08	 15	000	76
인천	20151103	 10	 18	000	81
인천	20151104	 09	 18	000	82
인천	20151105	 10	 17	000	85
인천	20151106	 11	 20	002	76
인천	20151107	 10	 12	027	98
인천	20151108	 10	 12	015	98
인천	20151109	 10	 13	002	96
인천	20151110	 08	 12	000	94
인천	20151111	 07	 14	000	90
인천	20151112	 11	 20	000	78
인천	20151113	 11	 15	018	89
인천	20151114	 11	 13	004	98
인천	20151115	 12	 16	000	97
인천	20151116	 12	 15	013	95
인천	20151117	 10	 17	000	85
인천	20151118	 09	 14	007	88
인천	20151119	 08	 11	000	88
인천	20151120	 08	 14	000	87
인천	20151121	 06	 12	000	73
인천	20151122	 07	 13	004	84
인천	20151123	 06	 10	007	95
인천	20151124	 02	 08	000	86
인천	20151125	 02	 07	007	93
인천	20151126	-03	 02	001	79
인천	20151127	-05	 02	000	72
인천	20151128	-01	 05	000	81
인천	20151129	 03	 07	001	97
인천	20151130	 03	 08	000	85
인천	20151201	 01	 11	000	67
인천	20151202	 03	 10	014	81
인천	20151203	-02	 04	009	90
인천	20151204	-03	 04	000	81
인천	20151205	 01	 07	000	62
인천	20151206	-01	 05	000	56
인천	20151207	-02	 05	000	67
인천	20151208	-01	 07	000	72
인천	20151209	 00	 13	000	72
인천	20151210	 05	 09	001	90
인천	20151211	 03	 12	000	68
인천	20151212	 03	 11	000	59
인천	20151213	 02	 09	000	66
인천	20151214	 04	 07	002	86
인천	20151215	 03	 08	000	80
인천	20151216	-04	 03	000	67
인천	20151217	-06	-01	000	55
인천	20151218	-05	 01	000	69
인천	20151219	-03	 05	000	83
인천	20151220	-01	 05	000	73
인천	20151221	 02	 06	003	89
인천	20151222	 00	 06	000	89
인천	20151223	 03	 09	000	76
인천	20151224	 00	 05	000	79
인천	20151225	-02	 03	001	54
인천	20151226	-03	 07	000	85
인천	20151227	-09	-03	000	48
인천	20151228	-08	-01	000	55
인천	20151229	-06	 03	000	58
인천	20151230	-01	 05	002	78
인천	20151231	 00	 04	000	88
인천	20160101	 00	 06	000	84
인천	20160102	 04	 11	000	93
인천	20160103	 05	 08	000	98
인천	20160104	-02	 05	000	73
인천	20160105	-04	 00	000	46
인천	20160106	-02	 03	000	65
인천	20160107	-04	 01	000	62
인천	20160108	-05	 02	000	64
인천	20160109	-04	 03	000	71
인천	20160110	-02	 03	000	54
인천	20160111	-05	-01	000	52
인천	20160112	-07	-01	000	59
인천	20160113	-07	 00	002	74
인천	20160114	-06	 02	000	66
인천	20160115	-02	 05	000	61
인천	20160116	 00	 06	000	77
인천	20160117	 01	 05	000	80
인천	20160118	-11	 02	000	74
인천	20160119	-13	-08	000	61
인천	20160120	-13	-06	000	60
인천	20160121	-09	-03	000	61
인천	20160122	-09	-04	000	50
인천	20160123	-15	-07	000	57
인천	20160124	-16	-11	000	60
인천	20160125	-12	-04	000	62
인천	20160126	-05	 03	001	81
인천	20160127	-03	 04	000	72
인천	20160128	-03	 04	000	63
인천	20160129	-01	 05	000	55
인천	20160130	-02	 04	000	77
인천	20160131	-06	-01	000	53
인천	20160201	-07	-02	000	47
인천	20160202	-08	 00	000	51
인천	20160203	-05	 04	000	59
인천	20160204	-03	 04	000	68
인천	20160205	-05	 03	000	56
인천	20160206	-05	 01	000	53
인천	20160207	-06	 02	000	62
인천	20160208	-02	 06	000	83
인천	20160209	-02	 06	000	65
인천	20160210	-03	 08	000	52
인천	20160211	 04	 15	002	43
인천	20160212	 08	 11	013	98
인천	20160213	 04	 16	022	98
인천	20160214	-06	 04	000	80
인천	20160215	-09	-02	000	62
인천	20160216	-05	 02	001	78
인천	20160217	-01	 05	000	69
인천	20160218	 00	 07	000	89
인천	20160219	 01	 05	000	71
인천	20160220	-02	 05	000	54
인천	20160221	-02	 04	000	47
인천	20160222	-01	 04	000	47
인천	20160223	-04	 04	000	70
인천	20160224	-06	 01	000	55
인천	20160225	-04	 05	000	69
인천	20160226	-01	 06	000	63
인천	20160227	 02	 07	000	84
인천	20160228	-01	 05	004	80
인천	20160229	-04	-01	000	56
인천	20160301	-05	 02	000	60
인천	20160302	-01	 07	000	91
인천	20160303	 04	 12	000	84
인천	20160304	 08	 20	002	76
인천	20160305	 06	 14	042	98
인천	20160306	 04	 11	000	73
인천	20160307	 05	 10	000	60
인천	20160308	-01	 06	000	54
인천	20160309	-02	 04	000	49
인천	20160310	-03	 02	000	48
인천	20160311	-03	 03	000	56
인천	20160312	-01	 06	000	76
인천	20160313	 02	 06	000	85
인천	20160314	 02	 08	000	70
인천	20160315	 01	 09	000	62
인천	20160316	 03	 12	000	71
인천	20160317	 03	 13	000	59
인천	20160318	 08	 18	000	71
인천	20160319	 07	 15	000	77
인천	20160320	 05	 13	000	79
인천	20160321	 05	 12	000	84
인천	20160322	 04	 10	000	91
인천	20160323	 04	 11	000	64
인천	20160324	 02	 10	000	48
인천	20160325	 02	 10	000	70
인천	20160326	 03	 10	000	79
인천	20160327	 03	 11	000	81
인천	20160328	 03	 14	000	71
인천	20160329	 08	 14	000	84
인천	20160330	 06	 14	000	81
인천	20160331	 07	 19	000	46
인천	20160401	 08	 20	000	42
인천	20160402	 10	 19	000	62
인천	20160403	 09	 13	000	81
인천	20160404	 06	 18	000	58
인천	20160405	 07	 13	000	75
인천	20160406	 07	 21	004	61
인천	20160407	 09	 19	007	83
인천	20160408	 06	 14	000	97
인천	20160409	 07	 12	000	98
인천	20160410	 09	 16	000	93
인천	20160411	 06	 17	000	65
인천	20160412	 09	 18	000	65
인천	20160413	 11	 19	001	93
인천	20160414	 07	 12	000	98
인천	20160415	 06	 20	000	72
인천	20160416	 11	 20	031	74
인천	20160417	 09	 15	016	90
인천	20160418	 07	 16	000	88
인천	20160419	 07	 15	000	85
인천	20160420	 10	 19	001	78
인천	20160421	 11	 16	021	98
인천	20160422	 10	 16	000	98
인천	20160423	 08	 18	000	76
인천	20160424	 09	 21	000	56
인천	20160425	 10	 22	000	53
인천	20160426	 12	 28	000	53
인천	20160427	 14	 20	000	46
인천	20160428	 12	 19	000	60
인천	20160429	 11	 18	000	83
인천	20160430	 11	 19	000	67
인천	20160501	 14	 22	000	59
인천	20160502	 17	 27	014	81
인천	20160503	 10	 17	035	97
인천	20160504	 11	 18	000	61
인천	20160505	 11	 25	001	64
인천	20160506	 12	 19	009	98
인천	20160507	 11	 19	000	81
인천	20160508	 13	 24	000	66
인천	20160509	 15	 22	000	73
인천	20160510	 13	 17	011	96
인천	20160511	 12	 20	000	83
인천	20160512	 12	 20	000	91
인천	20160513	 12	 23	000	69
인천	20160514	 16	 25	000	63
인천	20160515	 12	 23	038	88
인천	20160516	 12	 18	000	79
인천	20160517	 12	 24	000	72
인천	20160518	 15	 27	000	58
인천	20160519	 17	 29	000	51
인천	20160520	 18	 28	000	63
인천	20160521	 19	 29	000	36
인천	20160522	 19	 29	000	44
인천	20160523	 18	 26	000	68
인천	20160524	 15	 19	041	98
인천	20160525	 16	 22	000	95
인천	20160526	 16	 20	000	97
인천	20160527	 16	 24	000	90
인천	20160528	 16	 24	000	80
인천	20160529	 16	 25	000	86
인천	20160530	 17	 25	000	86
인천	20160531	 17	 23	000	93
인천	20160601	 17	 28	000	66
인천	20160602	 18	 26	000	67
인천	20160603	 17	 25	000	72
인천	20160604	 18	 24	000	83
인천	20160605	 17	 29	000	69
인천	20160606	 20	 26	000	72
인천	20160607	 18	 25	000	92
인천	20160608	 17	 23	000	97
인천	20160609	 18	 27	000	86
인천	20160610	 18	 26	000	89
인천	20160611	 20	 26	004	96
인천	20160612	 18	 25	000	98
인천	20160613	 18	 26	000	96
인천	20160614	 19	 25	000	92
인천	20160615	 17	 23	009	96
인천	20160616	 18	 23	000	98
인천	20160617	 18	 26	000	89
인천	20160618	 19	 25	000	93
인천	20160619	 20	 27	000	93
인천	20160620	 20	 27	000	93
인천	20160621	 21	 27	000	93
인천	20160622	 22	 27	003	95
인천	20160623	 20	 28	000	95
인천	20160624	 21	 26	002	93
인천	20160625	 19	 25	000	86
인천	20160626	 20	 27	000	87
인천	20160627	 21	 28	000	82
인천	20160628	 20	 27	000	91
인천	20160629	 21	 28	000	88
인천	20160630	 22	 25	002	98
인천	20160701	 22	 26	107	98
인천	20160702	 21	 26	001	97
인천	20160703	 20	 25	000	96
인천	20160704	 21	 24	027	97
인천	20160705	 21	 24	080	98
인천	20160706	 19	 24	000	98
인천	20160707	 20	 27	000	91
인천	20160708	 21	 30	000	91
인천	20160709	 23	 31	000	89
인천	20160710	 22	 30	000	93
인천	20160711	 23	 31	000	89
인천	20160712	 21	 28	002	86
인천	20160713	 23	 27	000	97
인천	20160714	 23	 29	000	91
인천	20160715	 24	 28	001	79
인천	20160716	 20	 24	047	98
인천	20160717	 20	 23	000	98
인천	20160718	 21	 27	000	97
인천	20160719	 22	 30	000	90
인천	20160720	 25	 32	000	90
인천	20160721	 25	 32	000	87
인천	20160722	 26	 32	000	89
인천	20160723	 26	 30	000	95
인천	20160724	 26	 29	000	98
인천	20160725	 25	 30	000	98
인천	20160726	 25	 29	000	98
인천	20160727	 26	 28	001	98
인천	20160728	 25	 28	000	97
인천	20160729	 23	 28	030	98
인천	20160730	 25	 30	003	94
인천	20160731	 26	 31	000	97
인천	20160801	 25	 29	000	98
인천	20160802	 25	 30	000	98
인천	20160803	 25	 32	000	89
인천	20160804	 26	 33	000	93
인천	20160805	 27	 33	000	93
인천	20160806	 26	 33	000	90
인천	20160807	 26	 33	000	84
인천	20160808	 26	 33	000	92
인천	20160809	 25	 33	000	89
인천	20160810	 26	 31	000	90
인천	20160811	 26	 34	000	90
인천	20160812	 27	 32	000	92
인천	20160813	 27	 32	000	96
인천	20160814	 27	 30	000	98
인천	20160815	 26	 32	000	89
인천	20160816	 26	 32	000	92
인천	20160817	 26	 32	000	89
인천	20160818	 26	 33	000	85
인천	20160819	 27	 32	000	89
인천	20160820	 27	 34	000	86
인천	20160821	 27	 34	000	76
인천	20160822	 25	 34	000	88
인천	20160823	 27	 32	000	86
인천	20160824	 26	 32	000	83
인천	20160825	 24	 31	004	90
인천	20160826	 20	 27	008	68
인천	20160827	 19	 28	000	52
인천	20160828	 20	 26	000	70
인천	20160829	 18	 27	000	66
인천	20160830	 20	 24	000	75
인천	20160831	 17	 21	014	97
인천	20160901	 18	 28	000	92
인천	20160902	 21	 29	015	84
인천	20160903	 22	 28	000	91
인천	20160904	 22	 28	000	94
인천	20160905	 22	 29	000	91
인천	20160906	 22	 27	000	95
인천	20160907	 22	 27	000	92
인천	20160908	 22	 26	001	95
인천	20160909	 21	 27	000	91
인천	20160910	 21	 28	000	94
인천	20160911	 22	 27	000	91
인천	20160912	 21	 28	000	92
인천	20160913	 20	 28	000	87
인천	20160914	 22	 28	000	86
인천	20160915	 21	 27	000	93
인천	20160916	 22	 27	000	89
인천	20160917	 19	 27	008	79
인천	20160918	 20	 27	000	73
인천	20160919	 18	 27	000	69
인천	20160920	 15	 26	000	55
인천	20160921	 16	 25	000	58
인천	20160922	 19	 26	000	68
인천	20160923	 18	 26	000	82
인천	20160924	 19	 26	000	83
인천	20160925	 20	 27	000	83
인천	20160926	 21	 29	000	81
인천	20160927	 19	 24	011	95
인천	20160928	 18	 22	000	98
인천	20160929	 17	 25	000	85
인천	20160930	 18	 23	000	88
인천	20161001	 19	 24	000	94
인천	20161002	 17	 22	023	98
인천	20161003	 19	 26	009	89
인천	20161004	 17	 28	000	75
인천	20161005	 18	 25	000	82
인천	20161006	 14	 21	000	72
인천	20161007	 17	 25	003	85
인천	20161008	 11	 21	006	80
인천	20161009	 08	 15	000	57
인천	20161010	 09	 18	000	55
인천	20161011	 12	 20	000	79
인천	20161012	 12	 19	000	67
인천	20161013	 11	 20	000	58
인천	20161014	 13	 22	000	83
인천	20161015	 15	 25	000	79
인천	20161016	 16	 20	002	87
인천	20161017	 16	 21	000	94
인천	20161018	 12	 22	000	79
인천	20161019	 15	 22	000	88
인천	20161020	 14	 24	000	79
인천	20161021	 17	 21	000	73
인천	20161022	 16	 21	000	82
인천	20161023	 11	 18	003	82
인천	20161024	 10	 20	000	72
인천	20161025	 13	 18	032	91
인천	20161026	 11	 17	000	87
인천	20161027	 10	 20	000	63
인천	20161028	 10	 18	001	63
인천	20161029	 05	 10	000	41
인천	20161030	 04	 13	000	31
인천	20161031	 02	 10	001	62
인천	20161101	-01	 06	000	48
인천	20161102	-01	 10	001	58
인천	20161103	 06	 14	000	67
인천	20161104	 10	 17	000	74
인천	20161105	 13	 18	000	86
인천	20161106	 13	 18	000	66
인천	20161107	 09	 17	002	75
인천	20161108	 01	 09	000	57
인천	20161109	-02	 06	000	44
인천	20161110	 02	 10	000	62
인천	20161111	 08	 13	007	61
인천	20161112	 09	 16	000	66
인천	20161113	 12	 19	001	75
인천	20161114	 10	 16	003	81
인천	20161115	 03	 10	000	47
인천	20161116	 02	 10	000	50
인천	20161117	 06	 14	000	63
인천	20161118	 07	 15	000	61
인천	20161119	 11	 16	000	79
인천	20161120	 06	 13	000	51
인천	20161121	 06	 15	000	47
인천	20161122	-02	 08	000	49
인천	20161123	-05	 03	000	45
인천	20161124	-04	 02	000	41
인천	20161125	-02	 06	000	45
인천	20161126	 01	 04	003	76
인천	20161127	 02	 08	000	84
인천	20161128	 00	 05	000	56
인천	20161129	 00	 06	000	43
인천	20161130	 03	 09	001	65
인천	20161201	 00	 09	000	49
인천	20161202	-01	 08	000	55
인천	20161203	 02	 10	000	71
인천	20161204	 04	 09	000	68
인천	20161205	 01	 10	001	74
인천	20161206	-03	 03	000	41
인천	20161207	 00	 07	000	63
인천	20161208	-01	 07	010	69
인천	20161209	-02	 06	001	65
인천	20161210	-04	 02	000	52
인천	20161211	-04	 04	000	43
인천	20161212	-02	 06	000	44
인천	20161213	 00	 07	000	60
인천	20161214	-03	 01	000	58
인천	20161215	-06	-02	000	44
인천	20161216	-08	 00	000	48
인천	20161217	 00	 10	000	69
인천	20161218	 05	 08	000	69
인천	20161219	 06	 12	001	74
인천	20161220	 05	 10	000	78
인천	20161221	 05	 13	033	79
인천	20161222	 02	 13	020	91
인천	20161223	-03	 02	000	73
인천	20161224	-04	 00	000	68
인천	20161225	-03	 05	000	74
인천	20161226	 01	 04	000	73
인천	20161227	-06	 01	000	54
인천	20161228	-07	 01	000	54
인천	20161229	-06	-02	001	57
인천	20161230	-07	 03	000	58
인천	20161231	-01	 07	000	75
인천	20170101	 01	 09	000	79
인천	20170102	 02	 09	000	83
인천	20170103	 00	 07	000	69
인천	20170104	 02	 08	000	64
인천	20170105	 01	 08	000	54
인천	20170106	 05	 11	000	63
인천	20170107	 02	 08	000	74
인천	20170108	 04	 09	000	70
인천	20170109	-02	 04	000	66
인천	20170110	-06	 01	000	50
인천	20170111	-07	 02	000	43
인천	20170112	-04	 03	000	51
인천	20170113	-07	-02	000	53
인천	20170114	-09	-05	000	37
인천	20170115	-09	-02	000	41
인천	20170116	-06	 02	000	45
인천	20170117	-05	 03	000	58
인천	20170118	-01	 04	000	70
인천	20170119	-04	 04	000	66
인천	20170120	-06	 00	004	71
인천	20170121	-08	 00	004	72
인천	20170122	-09	-02	000	55
인천	20170123	-11	-05	000	54
인천	20170124	-09	-03	000	53
인천	20170125	-09	 01	000	56
인천	20170126	-05	 05	001	72
인천	20170127	-05	 05	004	47
인천	20170128	-07	 03	000	44
인천	20170129	-01	 02	007	77
인천	20170130	-07	-01	000	60
인천	20170131	-09	-02	000	46
인천	20170201	-06	-01	000	50
인천	20170202	-07	 03	000	56
인천	20170203	 00	 06	000	69
인천	20170204	-01	 04	000	77
인천	20170205	 00	 03	002	81
인천	20170206	-03	 01	000	54
인천	20170207	-04	 01	000	47
인천	20170208	-04	 00	000	52
인천	20170209	-05	-02	000	52
인천	20170210	-08	-03	000	48
인천	20170211	-07	 00	000	50
인천	20170212	-05	 03	000	56
인천	20170213	-03	 05	000	62
인천	20170214	-02	 05	000	53
인천	20170215	-02	 06	000	68
인천	20170216	 01	 10	000	69
인천	20170217	-04	 07	004	60
인천	20170218	-05	 02	000	52
인천	20170219	-02	 07	005	72
인천	20170220	-05	 06	000	57
인천	20170221	-06	 03	000	46
인천	20170222	-01	 04	005	81
인천	20170223	-03	 01	000	58
인천	20170224	-04	 03	000	56
인천	20170225	-01	 07	000	73
인천	20170226	 00	 08	000	61
인천	20170227	 00	 09	000	42
인천	20170228	 00	 11	000	48
인천	20170301	 02	 11	008	65
인천	20170302	 00	 05	000	63
인천	20170303	-01	 08	000	67
인천	20170304	 01	 10	000	69
인천	20170305	 02	 09	000	84
인천	20170306	-02	 03	000	49
인천	20170307	-03	 01	000	47
인천	20170308	-04	 06	000	58
인천	20170309	-01	 08	000	61
인천	20170310	 02	 10	000	49
인천	20170311	 02	 12	000	54
인천	20170312	 05	 11	000	74
인천	20170313	 02	 10	000	57
인천	20170314	 02	 09	000	43
인천	20170315	 02	 10	000	45
인천	20170316	 01	 11	000	59
인천	20170317	 02	 12	000	58
인천	20170318	 05	 14	000	61
인천	20170319	 04	 16	000	58
인천	20170320	 06	 13	000	57
인천	20170321	 04	 13	000	54
인천	20170322	 03	 11	000	50
인천	20170323	 05	 13	000	51
인천	20170324	 05	 12	000	46
인천	20170325	 05	 11	000	65
인천	20170326	 05	 10	000	79
인천	20170327	 05	 10	000	76
인천	20170328	 04	 11	000	75
인천	20170329	 04	 12	000	70
인천	20170330	 05	 14	000	66
인천	20170331	 07	 12	001	76
인천	20170401	 05	 13	000	69
인천	20170402	 05	 13	000	61
인천	20170403	 06	 14	000	68
인천	20170404	 08	 18	000	52
인천	20170405	 10	 14	041	69
인천	20170406	 08	 10	001	97
인천	20170407	 08	 17	000	81
인천	20170408	 06	 14	000	91
인천	20170409	 09	 19	000	63
인천	20170410	 11	 21	000	30
인천	20170411	 10	 18	000	51
인천	20170412	 09	 14	000	33
인천	20170413	 07	 17	000	68
인천	20170414	 10	 16	007	68
인천	20170415	 10	 19	000	75
인천	20170416	 10	 20	000	80
인천	20170417	 12	 16	005	76
인천	20170418	 10	 16	002	82
인천	20170419	 09	 15	000	51
인천	20170420	 09	 17	000	54
인천	20170421	 08	 17	000	75
인천	20170422	 09	 19	000	61
인천	20170423	 09	 19	000	51
인천	20170424	 10	 19	000	51
인천	20170425	 12	 17	000	72
인천	20170426	 11	 19	000	43
인천	20170427	 09	 18	000	56
인천	20170428	 10	 17	000	73
인천	20170429	 10	 19	000	57
인천	20170430	 13	 23	000	73
인천	20170501	 11	 24	000	74
인천	20170502	 12	 23	000	55
인천	20170503	 14	 27	000	54
인천	20170504	 15	 25	000	55
인천	20170505	 15	 25	000	63
인천	20170506	 11	 16	000	48
인천	20170507	 11	 19	000	63
인천	20170508	 12	 20	000	59
인천	20170509	 14	 21	007	72
인천	20170510	 13	 19	002	84
인천	20170511	 13	 22	000	73
인천	20170512	 15	 19	000	82
인천	20170513	 12	 21	008	83